1.0000000238190072,0.5000000001887064
1.0000002195141064,0.49997469025947794
1.0000002195141064,0.49997469025947794
1.0000000222100986,0.5000000001769458
1.0000000222100986,0.5000000001769458
1.000000012330343,0.5000000001011141
1.000000212874042,0.49997469020854624
1.000000212874042,0.49997469020854624
1.000000212874042,0.49997469020854624
1.0000000195677963,0.500000000156863
1.0000000195677963,0.500000000156863
1.0000000195677963,0.500000000156863
1.0000002126899972,0.49997469020672725
1.0000004137760357,0.49994938031886704
1.0000002141616307,0.4999746902176412
1.0000002141616307,0.4999746902176412
1.0000000174029786,0.5000000001393545
1.000000215908571,0.4999746902303741
1.000000215908571,0.4999746902303741
1.000000015271338,0.5000000001216383
1.0000002160006005,0.4999746902303741
1.0000000194704892,0.5000000001548183
1.0000004129772435,0.4999493803115911
1.0000004129772435,0.4999493803115911
1.0000002145629168,0.49997469022127916
1.000000017153308,0.5000000001379236
1.0000002151784173,0.49997469022673613
1.000000023407166,0.5000000001877533
1.0000002160880967,0.4999746902340121
1.000000019592692,0.5000000001577705
1.0000004179314317,0.49994938035160885
1.0000000277737549,0.5000000002210416
1.00000022244528,0.4999746902831248
1.0000000296474294,0.5000000002353193
1.000000219332307,0.49997469025947794
1.00000002595365,0.5000000002072416
1.00000002595365,0.5000000002072416
1.000000222327614,0.4999746902831248
1.000000222327614,0.4999746902831248
1.0000002219361335,0.4999746902794868
1.0000002219361335,0.4999746902794868
1.0000004175920196,0.4999493803479709
1.0000000268067684,0.5000000002125626
1.0000002217717139,0.49997469027766783
1.0000002217717139,0.49997469027766783
1.0000002258471739,0.49997469030859065
1.000000024470733,0.5000000001939842
1.0000002217453243,0.49997469027584884
1.0000000272653953,0.5000000002151743
1.0000000266091629,0.5000000002095076
1.0000000266091629,0.5000000002095076
1.0000000266091629,0.5000000002095076
1.0000000266091629,0.5000000002095076
1.0000000266091629,0.5000000002095076
1.0000002224302307,0.4999746902813058
1.0000004166514316,0.4999493803406949
1.000000217251241,0.49997469024128804
1.000000217251241,0.49997469024128804
1.000000019462222,0.5000000001549704
1.0000004078654001,0.4999493802715733
1.0000004078654001,0.4999493802715733
1.0000004078654001,0.4999493802715733
1.0000000194071514,0.5000000001536102
1.0000002124652383,0.49997469020308927
1.0000000184771096,0.500000000146189
1.000000213049816,0.49997469020672725
1.000000213049816,0.49997469020672725
1.0000000214490328,0.500000000168012
1.0000002158180763,0.4999746902285551
1.0000000229719515,0.5000000001803819
1.00000021723163,0.49997469023946906
1.000000413751934,0.49994938031522906
1.0000002182325858,0.499974690246745
1.0000000235225972,0.5000000001843017
1.0000000235225972,0.5000000001843017
1.000000214869189,0.49997469022127916
1.0000000219597034,0.500000000172623
1.0000000219597034,0.500000000172623
1.0000004158375475,0.49994938033341896
1.0000002180734242,0.499974690246745
1.0000000232766926,0.5000000001836342
1.0000002201756502,0.4999746902631159
1.0000002201756502,0.4999746902631159
1.0000000271273741,0.5000000002134016
1.0000000271273741,0.5000000002134016
1.000000223614478,0.49997469029040076
1.0000004180136841,0.49994938035160885
1.0000002238241592,0.49997469029403874
1.0000002238241592,0.49997469029403874
1.0000002238241592,0.49997469029403874
1.0000000272865144,0.5000000002174692
1.0000000272865144,0.5000000002174692
1.0000002216276584,0.49997469027766783
1.0000000274351173,0.5000000002191999
1.0000000274351173,0.5000000002191999
1.0000002234259,0.49997469029221975
1.0000002234259,0.49997469029221975
1.0000004165171674,0.4999493803406949
1.0000002229793523,0.4999746902867628
1.0000000291632034,0.50000000023118
1.0000002225705202,0.4999746902831248
1.0000004135799259,0.49994938031886704
1.0000000342147075,0.5000000002703332
1.0000000342147075,0.5000000002703332
1.0000002276076998,0.49997469032314257
1.0000002276076998,0.49997469032314257
1.0000004225349244,0.49994938038798864
1.0000000356131729,0.5000000002822592
1.0000002299271529,0.49997469034133246
1.000000034688405,0.5000000002748158
1.0000004267061797,0.49994938042073045
1.0000004267061797,0.49994938042073045
1.0000002315956635,0.4999746903558844
1.0000000379454583,0.5000000003015718
1.0000002328598612,0.4999746903649793
1.0000000374868492,0.5000000002974266
1.0000002364902798,0.49997469039408315
1.0000000503219368,0.5000000003959095
1.0000002408546322,0.49997469042682496
1.000000046701313,0.500000000368658
1.0000004331086245,0.49994938047166215
1.0000002396666048,0.499974690419549
1.0000000451466988,0.5000000003585673
1.0000002394629348,0.49997469041773
1.0000000456912908,0.500000000362488
1.0000002294202375,0.49997469034315145
1.0000000395829964,0.5000000003177252
1.0000000395829964,0.5000000003177252
1.0000002366410996,0.49997469039772113
1.0000000414830588,0.500000000331827
1.0000000440831123,0.500000000351564
1.0000002354312016,0.4999746903886262
1.0000004284892725,0.49994938043892034
1.0000000441683312,0.5000000003530038
1.0000000408139762,0.5000000003278531
1.0000000408139762,0.5000000003278531
1.0000002360278302,0.49997469039408315
1.0000000420683648,0.5000000003374024
1.0000004287200852,0.49994938043892034
1.0000002380591582,0.4999746904068161
1.0000000454302693,0.5000000003602971
1.0000002390752059,0.49997469041409204
1.0000002390299585,0.49997469041409204
1.0000000456075533,0.5000000003615214
1.0000002390261784,0.49997469041409204
1.0000002390261784,0.49997469041409204
1.000000049144436,0.5000000003886763
1.000000049144436,0.5000000003886763
1.000000241347891,0.49997469043228193
1.0000004341759166,0.4999493804789381
1.0000000486586629,0.5000000003839247
1.0000002408937974,0.49997469042682496
1.0000000549879502,0.5000000004305807
1.0000002364162839,0.49997469039408315
1.0000002364162839,0.49997469039408315
1.0000002364162839,0.49997469039408315
1.0000002364162839,0.49997469039408315
1.0000000406593337,0.5000000003235638
1.000000232784359,0.4999746903667983
1.0000000408924166,0.5000000003258773
1.0000000408924166,0.5000000003258773
1.0000002345162216,0.49997469037953124
1.0000004283896828,0.49994938043528236
1.0000000419582236,0.5000000003332982
1.000000235320286,0.4999746903849882
1.0000000417545643,0.5000000003313219
1.0000002355495923,0.4999746903868072
1.000000045689724,0.5000000003612112
1.0000002318950294,0.49997469035952236
1.0000000368742725,0.5000000002946863
1.00000023554054,0.4999746903886262
1.00000023554054,0.4999746903886262
1.00000023554054,0.4999746903886262
1.00000023554054,0.4999746903886262
1.0000004267023144,0.49994938042436843
1.0000000324654117,0.5000000002621958
1.0000000324654117,0.5000000002621958
1.000000224646243,0.4999746903049527
1.0000000292166575,0.5000000002369632
1.0000002247865467,0.49997469030677166
1.0000000306279482,0.5000000002485642
1.0000002265538654,0.4999746903195046
1.0000002265538654,0.4999746903195046
1.0000000306724566,0.5000000002480224
1.0000000327792016,0.5000000002643504
1.0000000327792016,0.5000000002643504
1.0000002281582425,0.4999746903322375
1.0000000329134586,0.5000000002656744
1.0000000329134586,0.5000000002656744
1.0000000329134586,0.5000000002656744
1.000000033608913,0.5000000002706237
1.000000033608913,0.5000000002706237
1.000000033608913,0.5000000002706237
1.0000002280201983,0.4999746903304185
1.0000002256290799,0.49997469031222863
1.0000002256290799,0.49997469031222863
1.0000002256290799,0.49997469031222863
1.00000041977259,0.49994938036979875
1.0000000326056906,0.5000000002620101
1.00000022834152,0.4999746903322375
1.0000004233637867,0.4999493803989026
1.0000002288144572,0.4999746903376945
1.0000002288144572,0.4999746903376945
1.0000002288144572,0.4999746903376945
1.0000002288144572,0.4999746903376945
1.0000002288144572,0.4999746903376945
1.0000000317133555,0.5000000002567433
1.0000002298440762,0.49997469034497044
1.0000002301005395,0.49997469034678943
1.0000000337967272,0.5000000002720346
1.0000004238533222,0.49994938040254056
1.0000004238533222,0.49994938040254056
1.000000224410897,0.4999746903031337
1.000000224410897,0.4999746903031337
1.000000224410897,0.4999746903031337
1.000000029384859,0.500000000238257
1.000000029384859,0.500000000238257
1.000000029384859,0.500000000238257
1.000000029384859,0.500000000238257
1.000000029384859,0.500000000238257
1.000000029024303,0.5000000002362135
1.0000004213407863,0.49994938038435066
1.0000004213407863,0.49994938038435066
1.0000000275398655,0.5000000002255717
1.0000002260696021,0.4999746903176856
1.0000002260696021,0.4999746903176856
1.0000004242704676,0.49994938040617853
1.0000002261193828,0.4999746903176856
1.0000002261193828,0.4999746903176856
1.0000004268395912,0.4999493804280064
1.0000002254646603,0.4999746903140476
1.0000000265351492,0.5000000002187917
1.0000004126784745,0.49994938031886704
1.000000023072941,0.5000000001925525
1.0000002228427292,0.49997469029403874
1.0000002198798654,0.4999746902703919
1.0000002198798654,0.4999746902703919
1.0000000216714593,0.5000000001807933
1.0000000216714593,0.5000000001807933
1.0000002178394993,0.49997469025402097
1.0000002178394993,0.49997469025402097
1.0000000199712797,0.5000000001670842
1.0000002150968896,0.4999746902321931
1.0000002151564757,0.4999746902340121
1.0000000198370174,0.5000000001668727
1.0000000198370174,0.5000000001668727
1.0000002113601028,0.49997469020490826
1.0000000170287713,0.500000000145375
1.0000000170287713,0.500000000145375
1.0000000174285582,0.5000000001484439
1.0000000174285582,0.5000000001484439
1.0000002125994172,0.4999746902140032
1.0000000145109436,0.5000000001253436
1.0000000193987741,0.5000000001633931
1.0000002107506418,0.4999746901994513
1.0000002107506418,0.4999746901994513
1.0000000169216694,0.5000000001437703
1.0000000169216694,0.5000000001437703
1.0000002169630164,0.499974690248564
1.0000000205596358,0.5000000001730367
1.0000000205596358,0.5000000001730367
1.0000002146956035,0.4999746902303741
1.0000000233467556,0.5000000001935649
1.0000002176871448,0.49997469025402097
1.0000002176871448,0.49997469025402097
1.0000000159954165,0.5000000001370394
1.000000216171017,0.49997469024128804
1.000000216171017,0.49997469024128804
1.0000000208862563,0.5000000001744165
1.0000004027557452,0.4999493802424695
1.0000000287113338,0.5000000002335321
1.0000002204410947,0.49997469027402985
1.0000002204410947,0.49997469027402985
1.0000000294399758,0.5000000002398471
1.0000004259699438,0.49994938042073045
1.0000002309650284,0.4999746903558844
1.0000000356772496,0.5000000002889895
1.0000000356772496,0.5000000002889895
1.0000004229550257,0.4999493803989026
1.0000002285060248,0.4999746903376945
1.0000002285060248,0.4999746903376945
1.0000000338661863,0.5000000002757907
1.0000000338661863,0.5000000002757907
1.0000000338661863,0.5000000002757907
1.0000002306029643,0.4999746903540654
1.0000002306029643,0.4999746903540654
1.0000000395535729,0.5000000003195184
1.0000002325973298,0.4999746903686173
1.0000002325973298,0.4999746903686173
1.0000000412130312,0.50000000033154
1.00000023966885,0.499974690423187
1.00000023966885,0.499974690423187
1.00000023966885,0.499974690423187
1.000000236524187,0.4999746903995401
1.0000000461129268,0.500000000369802
1.0000000461129268,0.500000000369802
1.0000000461129268,0.500000000369802
1.0000002400663561,0.49997469042682496
1.0000002400663561,0.49997469042682496
1.0000000459560319,0.5000000003689877
1.0000000459560319,0.5000000003689877
1.0000000459560319,0.5000000003689877
1.0000002403710937,0.49997469042864395
1.0000000462524739,0.5000000003707431
1.0000000462524739,0.5000000003707431
1.0000002390065674,0.499974690419549
1.0000002390065674,0.499974690419549
1.0000002390065674,0.499974690419549
1.0000002390065674,0.499974690419549
1.0000000417206643,0.500000000337158
1.0000000417206643,0.500000000337158
1.0000000417206643,0.500000000337158
1.0000000417206643,0.500000000337158
1.0000000417206643,0.500000000337158
1.0000004145808248,0.49994938033705694
1.0000000362354164,0.5000000002961557
1.0000002275925652,0.4999746903322375
1.0000002267884867,0.49997469032678055
1.0000000357926488,0.5000000002926377
1.0000000357926488,0.5000000002926377
1.0000002244350839,0.49997469030859065
1.0000002244350839,0.49997469030859065
1.0000000338940858,0.500000000277876
1.0000002272086306,0.4999746903304185
1.0000002233926466,0.4999746903013147
1.0000000318016689,0.5000000002626738
1.0000000318016689,0.5000000002626738
1.0000002227944833,0.4999746902976767
1.0000002227944833,0.4999746902976767
1.0000004141365366,0.49994938033341896
1.0000002236664471,0.4999746903031337
1.0000002236664471,0.4999746903031337
1.0000002236664471,0.4999746903031337
1.0000002236664471,0.4999746903031337
1.0000002236664471,0.4999746903031337
1.0000002236664471,0.4999746903031337
1.0000002239591197,0.4999746903049527
1.0000002239591197,0.4999746903049527
1.0000000315655733,0.5000000002602237
1.0000000315655733,0.5000000002602237
1.0000002309039075,0.49997469035952236
1.0000004141704721,0.49994938033705694
1.000000251020282,0.4999746905032225
1.000000251020282,0.4999746905032225
1.0000004471468458,0.49994938057716354
1.0000000573376546,0.5000000004492811
1.0000002504334589,0.49997469049958454
1.0000002504334589,0.49997469049958454
1.0000000553847919,0.5000000004345335
1.0000000553847919,0.5000000004345335
1.0000002518017368,0.4999746905104985
1.0000002518017368,0.4999746905104985
1.0000004446274886,0.49994938055897364
1.0000000594345835,0.5000000004664293
1.0000000594345835,0.5000000004664293
1.0000000594345835,0.5000000004664293
1.0000002578858584,0.4999746905577922
1.0000002578858584,0.4999746905577922
1.0000002578858584,0.4999746905577922
1.0000002578858584,0.4999746905577922
1.0000004573878698,0.49994938065719907
1.0000002591817179,0.49997469056688715
1.0000002591817179,0.49997469056688715
1.0000002591817179,0.49997469056688715
1.0000002584998242,0.4999746905614302
1.0000000656265442,0.50000000051305
1.0000002591221175,0.49997469056688715
1.0000002591221175,0.49997469056688715
1.0000002591221175,0.49997469056688715
1.0000000643359428,0.5000000005038576
1.0000000702752487,0.5000000005498122
1.0000002617779842,0.49997469058689603
1.0000000719490387,0.5000000005615319
1.0000000719490387,0.5000000005615319
1.0000000719490387,0.5000000005615319
1.0000000719490387,0.5000000005615319
1.0001510971487733,0.5060969074256718
1.0003577411989681,0.5081366319209337
1.003128726966679,0.5249438304454088
1.0044608982279897,0.5313883610069752
1.0081173116341233,0.5503253377974033
1.0095824347808957,0.5585226491093636
1.0131916971877217,0.5787812396883965
1.0143815409392118,0.5854336246848106
1.0173637084662914,0.6005308032035828
1.018622426316142,0.6063182055950165
1.022492665797472,0.6227508187294006
1.0245055556297302,0.6307528167963028
1.0294687785208225,0.6505141705274582
1.0311833582818508,0.6573906242847443
1.0357080847024918,0.676295280456543
1.0372403748333454,0.6829032152891159
1.0423355549573898,0.7035446316003799
1.0444245003163815,0.7115532755851746
1.0506376847624779,0.7354623973369598
1.0527105703949928,0.7435013502836227
1.0586917474865913,0.7667907178401947
1.0607722364366055,0.7749061286449432
1.0657069385051727,0.7943353056907654
1.0673429891467094,0.8008139431476593
1.07178795337677,0.8172578513622284
1.073603019118309,0.8235306739807129
1.08071930706501,0.8468164205551147
1.083250343799591,0.8547230958938599
1.0901547893881798,0.8761919736862183
1.0926989987492561,0.8840412199497223
1.0988682433962822,0.9029546976089478
1.1014578565955162,0.9108690023422241
1.1082693114876747,0.9316229522228241
1.1108397170901299,0.9394103586673737
1.1190332546830177,0.9639993011951447
1.121710404753685,0.9719645977020264
1.1293756365776062,0.9946216940879822
1.1320865601301193,1.0025755763053894
1.1386726200580597,1.0217766165733337
1.1413970738649368,1.0296723246574402
1.1477796733379364,1.0481403470039368
1.1504968702793121,1.0560117959976196
1.1575923413038254,1.0764561295509338
1.160390555858612,1.084460198879242
1.1670304238796234,1.1033478379249573
1.1698202788829803,1.1112475395202637
1.176988273859024,1.131478726863861
1.1798108220100403,1.139420509338379
1.186464548110962,1.1581421494483948
1.189266487956047,1.1660106778144836
1.196662500500679,1.186617374420166
1.199494332075119,1.1944482922554016
1.2064898014068604,1.2136117815971375
1.2089518159627914,1.2203113436698914
1.2166117876768112,1.24154931306839
1.2193962782621384,1.2493703365325928
1.2267103046178818,1.269576072692871
1.2295815497636795,1.2773926258087158
1.2368404269218445,1.2969446778297424
1.2393311709165573,1.3036065697669983
1.246471807360649,1.3231212496757507
1.2488986402750015,1.3299143314361572
1.255247712135315,1.3481796979904175
1.2579263150691986,1.3560910820960999
1.2646214365959167,1.3759233951568604
1.26728755235672,1.3838657140731812
1.2732529640197754,1.401833713054657
1.2758578658103943,1.4097430109977722
1.2826347649097443,1.430428385734558
1.2852040231227875,1.4383227229118347
1.291744738817215,1.458446204662323
1.293819546699524,1.464851200580597
1.2986019551753998,1.480513334274292
1.3003296554088593,1.4865742325782776
1.3045938909053802,1.5023066997528076
1.3061831295490265,1.5083792209625244
1.311888188123703,1.5287290811538696
1.3142658174037933,1.536683201789856
1.3198723495006561,1.5551635026931763
1.322311908006668,1.5630989074707031
1.328882873058319,1.5843545198440552
1.331345945596695,1.5922826528549194
1.3371253311634064,1.6106566190719604
1.339268833398819,1.617411732673645
1.3457423746585846,1.638432502746582
1.3477537035942078,1.6451753377914429
1.3541265726089478,1.6674668788909912
1.356322467327118,1.67544686794281
1.3625421524047852,1.6976765394210815
1.3644405901432037,1.7043204307556152
1.370083898305893,1.7231333255767822
1.3725899457931519,1.7311540842056274
1.3789637982845306,1.7515432834625244
1.3814680874347687,1.7595646381378174
1.387235701084137,1.7780483961105347
1.3897377252578735,1.7860438823699951
1.3958373665809631,1.8054579496383667
1.3979614675045013,1.8122456073760986
1.4038317203521729,1.8317567110061646
1.405791014432907,1.838514804840088
1.4112577736377716,1.8580902814865112
1.4134089052677155,1.866056203842163
1.418886423110962,1.8860751390457153
1.4211246073246002,1.8941484689712524
1.4271309971809387,1.9155179262161255
1.429061383008957,1.9223105907440186
1.4321090281009674,1.9340189695358276
1.432891309261322,1.937578797340393
1.436877578496933,1.9594411849975586
1.438223659992218,1.967761516571045
1.4417220950126648,1.989553451538086
1.44281604886055,1.9963505268096924
1.4463112950325012,2.016140937805176
1.4478749632835388,2.0242942571640015
1.4519874453544617,2.0455920696258545
1.453557938337326,2.053718328475952
1.457129180431366,2.0724912881851196
1.458391785621643,2.0793105363845825
1.4620516896247864,2.1005367040634155
1.4633868038654327,2.1088074445724487
1.4666615724563599,2.1293535232543945
1.4677610993385315,2.1362521648406982
1.4714806079864502,2.157570719718933
1.4730198681354523,2.1657286882400513
1.477852463722229,2.190986156463623
1.479421615600586,2.199086904525757
1.4835807979106903,2.2204272747039795
1.4848937690258026,2.22715961933136
1.488686352968216,2.247667908668518
1.4901183247566223,2.2557939291000366
1.493903636932373,2.2767666578292847
1.4954089224338531,2.284905195236206
1.499029666185379,2.3042097091674805
1.5003135204315186,2.3110249042510986
1.5040557980537415,2.3322110176086426
1.5054044127464294,2.3403513431549072
1.5092030763626099,2.363453507423401
1.510552167892456,2.371696352958679
1.5136666893959045,2.3907042741775513
1.5147480964660645,2.39734947681427
1.515645682811737,2.4042773246765137
1.5156701803207397,2.404605507850647
1.515721619129181,2.419386863708496
1.5153528451919556,2.4274778366088867
1.514454424381256,2.4479345083236694
1.514193594455719,2.454636812210083
1.5137466788291931,2.4756146669387817
1.5137033462524414,2.4838911294937134
1.5136080384254456,2.508467674255371
1.5135841965675354,2.516820192337036
1.5135204195976257,2.539346694946289
1.5134934782981873,2.5477497577667236
1.5134246945381165,2.5698206424713135
1.5133960843086243,2.578223705291748
1.513318121433258,2.5983455181121826
1.5132836699485779,2.606647253036499
1.513185441493988,2.6274523735046387
1.5131431818008423,2.63577938079834
1.513014793395996,2.661266803741455
1.5129771828651428,2.66961932182312
1.5129168033599854,2.690551280975342
1.5129047632217407,2.698903799057007
1.51294606924057,2.71978497505188
1.512978196144104,2.7270491123199463
1.5128651857376099,2.748309850692749
1.5127453207969666,2.7566869258880615
1.5124048590660095,2.781489133834839
1.512295663356781,2.7899169921875
1.5120267868041992,2.8122141361236572
1.5119628310203552,2.8178579807281494
1.5117470622062683,2.8374218940734863
1.5116508603096008,2.8456978797912598
1.5113738179206848,2.865792751312256
1.5112510323524475,2.8741190433502197
1.510949432849884,2.8961119651794434
1.5108433365821838,2.904387950897217
1.510420024394989,2.9196696281433105
1.5102200508117676,2.923029899597168
1.5093762874603271,2.9305505752563477
1.5089713335037231,2.9329464435577393
1.5055394172668457,2.948544502258301
1.5039578080177307,2.9548802375793457
1.4996001422405243,2.9738240242004395
1.4982829093933105,2.980116605758667
1.4946224391460419,2.9993104934692383
1.4934236407279968,3.006141185760498
1.4896847307682037,3.0260415077209473
1.4886040091514587,3.0314781665802
1.4843023419380188,3.0537190437316895
1.4827755689620972,3.0618536472320557
1.4805774688720703,3.0747790336608887
1.480418622493744,3.075932502746582
1.479109287261963,3.0901730060577393
1.4787522554397583,3.0962116718292236
1.4787522554397583,3.0962116718292236
1.4790888130664825,3.0926332473754883
1.4797949194908142,3.0869312286376953
1.4798148274421692,3.0867807865142822
1.4788938462734222,3.0983872413635254
1.4787320494651794,3.1033453941345215
1.4787748157978058,3.117418050765991
1.4789724349975586,3.1232614517211914
1.4792153537273407,3.131736993789673
1.4792218506336212,3.1319141387939453
1.479166328907013,3.1311569213867188
1.4790885746479034,3.1302490234375
1.4790151417255402,3.129061698913574
1.479057401418686,3.130554437637329
1.4789245426654816,3.1344246864318848
1.4789530336856842,3.1341476440429688
1.4791359603404999,3.1328697204589844
1.4791080951690674,3.133070230484009
1.4790889620780945,3.133474826812744
1.4790926575660706,3.1335506439208984
1.479146420955658,3.1339263916015625
1.4791640937328339,3.134000301361084
1.4813790917396545,3.1409451961517334
1.4836072623729706,3.1468405723571777
1.4910578727722168,3.1662662029266357
1.4934064447879791,3.1724135875701904
1.5009187459945679,3.1933281421661377
1.5035721063613892,3.2011678218841553
1.5094964504241943,3.2186691761016846
1.5115019083023071,3.2245371341705322
1.5168331265449524,3.239053964614868
1.5184468626976013,3.2431516647338867
1.5238013863563538,3.2566845417022705
1.525492250919342,3.260969638824463
1.5241999626159668,3.257642984390259
1.521832287311554,3.2513673305511475
1.5178733468055725,3.240229845046997
1.5170302391052246,3.2376296520233154
1.5181933641433716,3.241429328918457
1.5194340348243713,3.2454700469970703
1.524070680141449,3.2587838172912598
1.5262070298194885,3.264226198196411
1.532724916934967,3.2797720432281494
1.5348891019821167,3.284682035446167
1.5405066013336182,3.297086477279663
1.5419963002204895,3.3002736568450928
1.5385099649429321,3.2931315898895264
1.5358126759529114,3.287830352783203
1.526426076889038,3.270003318786621
1.5239348411560059,3.2653942108154297
1.5273561477661133,3.2717161178588867
1.530906081199646,3.2782273292541504
1.5402057766914368,3.295037269592285
1.5426639318466187,3.299433469772339
1.5487027168273926,3.310062885284424
1.5504055619239807,3.3129961490631104
1.5461441278457642,3.3057830333709717
1.542197346687317,3.2991485595703125
1.5348420143127441,3.2870028018951416
1.5334855914115906,3.2848658561706543
1.5367382764816284,3.2899060249328613
1.5407754778862,3.296217203140259
1.5491573214530945,3.3087897300720215
1.5501060485839844,3.310102701187134
1.5458056330680847,3.30495548248291
1.5411809086799622,3.300027847290039
1.5270963907241821,3.285339832305908
1.523245930671692,3.2813525199890137
1.5186668634414673,3.276768207550049
1.5200778245925903,3.278075695037842
1.5256219506263733,3.2825307846069336
1.5276394486427307,3.2839298248291016
1.533954381942749,3.287961006164551
1.5354070663452148,3.288883924484253
1.5375162959098816,3.2904586791992188
1.5373644828796387,3.2903246879577637
1.53957861661911,3.2924036979675293
1.5402480363845825,3.2930219173431396
1.5406283736228943,3.293316125869751
1.5406925678253174,3.2933566570281982
1.5445208549499512,3.2953758239746094
1.547037661075592,3.2965662479400635
1.5534329414367676,3.299957513809204
1.5538008213043213,3.300180673599243
1.5546320080757141,3.300801992416382
1.5540518164634705,3.3002736568450928
1.5533531308174133,3.2996127605438232
1.5534660816192627,3.2997143268585205
1.55381578207016,3.2999649047851562
1.5541467666625977,3.3001508712768555
1.5550026297569275,3.3005895614624023
1.5551153421401978,3.300647020339966
1.5566540360450745,3.3015754222869873
1.5577638745307922,3.302373170852661
1.562088131904602,3.3057594299316406
1.5634213089942932,3.306807518005371
1.5641465783119202,3.3072707653045654
1.5642598867416382,3.3073272705078125
1.5645436644554138,3.3074355125427246
1.565519392490387,3.3077056407928467
1.5816736221313477,3.3115432262420654
1.58965665102005,3.3133060932159424
1.6085378527641296,3.317481517791748
1.6156273484230042,3.3190648555755615
1.6348188519477844,3.3235867023468018
1.6405444741249084,3.3249998092651367
1.6609038710594177,3.329969882965088
1.6689988374710083,3.331923007965088
1.688707709312439,3.3366758823394775
1.6952310800552368,3.338236093521118
1.7134110927581787,3.342299699783325
1.718762218952179,3.3434200286865234
1.7380708456039429,3.347412347793579
1.743476390838623,3.3485193252563477
1.753848910331726,3.350471258163452
1.7543992400169373,3.3505561351776123
1.7638437151908875,3.3515000343322754
1.768493413925171,3.3517632484436035
1.781827986240387,3.3520970344543457
1.7898261547088623,3.352090835571289
1.8092141151428223,3.3520753383636475
1.8160479664802551,3.3520846366882324
1.8356364965438843,3.352360248565674
1.8414560556411743,3.3525099754333496
1.8617478609085083,3.353055715560913
1.8700464963912964,3.3532888889312744
1.8954201936721802,3.3540990352630615
1.9037167429924011,3.3543972969055176
1.9252398610115051,3.3552348613739014
1.930727481842041,3.355463743209839
1.947418749332428,3.356142997741699
1.9538176655769348,3.3563878536224365
1.9685198664665222,3.356698989868164
1.9743919372558594,3.3567073345184326
1.9938265085220337,3.3563108444213867
2.0020968914031982,3.355989933013916
2.0223817825317383,3.35522723197937
2.030703544616699,3.3549256324768066
2.0516726970672607,3.3541758060455322
2.0599945783615112,3.3538784980773926
2.0812411308288574,3.3530945777893066
2.088221549987793,3.352820634841919
2.1085684299468994,3.3517489433288574
2.1169285774230957,3.3512039184570312
2.135921359062195,3.3499579429626465
2.142564535140991,3.3495330810546875
2.161428689956665,3.3487184047698975
2.169677734375,3.3485238552093506
2.1883267164230347,3.348090648651123
2.1968034505844116,3.3478922843933105
2.217805504798889,3.3473973274230957
2.226181149482727,3.3472046852111816
2.2470070123672485,3.346755027770996
2.25535786151886,3.3465869426727295
2.281525492668152,3.3461496829986572
2.289852023124695,3.3460402488708496
2.31116259098053,3.34582781791687
2.319616198539734,3.3457722663879395
2.341256618499756,3.3456649780273438
2.3495837450027466,3.3456289768218994
2.370819330215454,3.3455660343170166
2.3790706396102905,3.3455586433410645
2.403242349624634,3.3455708026885986
2.411594867706299,3.345580577850342
2.4338682889938354,3.3456170558929443
2.440929889678955,3.3456411361694336
2.461074948310852,3.345939874649048
2.4693994522094727,3.346151828765869
2.487920045852661,3.3466570377349854
2.4962185621261597,3.346895217895508
2.517747402191162,3.347568988800049
2.5260950326919556,3.3478548526763916
2.547393798828125,3.348592519760132
2.5541229248046875,3.348811626434326
2.579782724380493,3.349329948425293
2.5879831314086914,3.3493990898132324
2.6082820892333984,3.3495025634765625
2.6165839433670044,3.3495194911956787
2.636478066444397,3.349487781524658
2.6436156034469604,3.349458932876587
2.6648004055023193,3.349548816680908
2.6718361377716064,3.3496391773223877
2.6972962617874146,3.349994659423828
2.705192446708679,3.3501017093658447
2.7236688137054443,3.3502230644226074
2.7283259630203247,3.3502204418182373
2.741664409637451,3.350135087966919
2.7479915618896484,3.35005784034729
2.7694296836853027,3.3500287532806396
2.77773118019104,3.3501148223876953
2.800257086753845,3.350283145904541
2.8067872524261475,3.350299596786499
2.8260713815689087,3.349985361099243
2.834368586540222,3.3497047424316406
2.854779839515686,3.3489346504211426
2.8598629236221313,3.3487231731414795
2.865835189819336,3.3486127853393555
2.8642412424087524,3.348567485809326
2.8692320585250854,3.349022626876831
2.873194694519043,3.3495616912841797
2.8791775703430176,3.3502635955810547
2.8798086643218994,3.3503096103668213
2.8800870180130005,3.3503036499023438
2.8817962408065796,3.3501014709472656
2.8970038890838623,3.3475863933563232
2.9032466411590576,3.346407890319824
2.9134658575057983,3.344754695892334
2.913893461227417,3.3447065353393555
2.9135137796401978,3.3447108268737793
2.913412928581238,3.3447017669677734
2.925687313079834,3.3462913036346436
2.931898593902588,3.3471975326538086
2.950957417488098,3.349609136581421
2.957627296447754,3.3503172397613525
2.9767134189605713,3.3520009517669678
2.983503818511963,3.3524985313415527
2.993721604347229,3.353320837020874
2.9951103925704956,3.3534162044525146
2.9886564016342163,3.353365182876587
2.9830663204193115,3.3535661697387695
2.975275158882141,3.353832244873047
2.973783254623413,3.353898763656616
2.9704500436782837,3.3541266918182373
2.969363570213318,3.354191303253174
2.966832756996155,3.3541524410247803
2.966555595397949,3.3541259765625
2.966107726097107,3.3540422916412354
2.965473771095276,3.3538658618927
2.9652069807052612,3.3537862300872803
2.9656951427459717,3.3539204597473145
2.966118335723877,3.3539979457855225
2.966320037841797,3.354015588760376
2.966598391532898,3.3540127277374268
2.9673787355422974,3.353931188583374
2.981763243675232,3.3518922328948975
2.9896130561828613,3.350649833679199
3.0038461685180664,3.3486239910125732
3.006941556930542,3.3482906818389893
3.0255308151245117,3.347079038619995
3.032156467437744,3.346802234649658
3.0535311698913574,3.3455264568328857
3.061758041381836,3.3448920249938965
3.0752902030944824,3.343618869781494
3.078880786895752,3.343163013458252
3.086676836013794,3.341754198074341
3.0885989665985107,3.341303825378418
3.100735902786255,3.338195323944092
3.106687545776367,3.336644172668457
3.124246835708618,3.332590341567993
3.1306469440460205,3.3312935829162598
3.1379380226135254,3.3295698165893555
3.1375977993011475,3.329669237136841
3.1483280658721924,3.325849771499634
3.1550662517547607,3.3231356143951416
3.16906476020813,3.3176510334014893
3.1722824573516846,3.3165016174316406
3.188645839691162,3.3113319873809814
3.19512677192688,3.3094167709350586
3.213186740875244,3.303821086883545
3.219228506088257,3.3018572330474854
3.2334022521972656,3.2968428134918213
3.240659236907959,3.294065475463867
3.2585301399230957,3.287226438522339
3.2650146484375,3.2847671508789062
3.2846972942352295,3.2775702476501465
3.289517641067505,3.2758657932281494
3.2962052822113037,3.2732303142547607
3.297264575958252,3.2727468013763428
3.2979490756988525,3.2724180221557617
3.2956295013427734,3.2734928131103516
3.2818119525909424,3.2791569232940674
3.2755544185638428,3.2815003395080566
3.264526844024658,3.2856130599975586
3.265657424926758,3.285168409347534
3.2668490409851074,3.284609794616699
3.268242120742798,3.283834218978882
3.2754387855529785,3.2792556285858154
3.2793471813201904,3.276541233062744
3.2923362255096436,3.2676901817321777
3.2975916862487793,3.264211654663086
3.3028066158294678,3.2605392932891846
3.3023478984832764,3.260897636413574
3.3022544384002686,3.2609829902648926
3.301426887512207,3.2618725299835205
3.3002021312713623,3.2633557319641113
3.299872398376465,3.263772487640381
3.30706524848938,3.2557060718536377
3.312256097793579,3.2504096031188965
3.3256444931030273,3.236738681793213
3.330207109451294,3.2320315837860107
3.3405771255493164,3.2209715843200684
3.3436150550842285,3.2176103591918945
3.3556671142578125,3.204042434692383
3.3599038124084473,3.199207067489624
3.3711979389190674,3.185555934906006
3.374896764755249,3.1808013916015625
3.3789806365966797,3.1750714778900146
3.3793153762817383,3.174534559249878
3.3797457218170166,3.173760175704956
3.379484176635742,3.1742517948150635
3.3730082511901855,3.1860287189483643
3.369901418685913,3.1916282176971436
3.362903118133545,3.2045905590057373
3.3591134548187256,3.21183443069458
3.352672576904297,3.2244887351989746
3.3517258167266846,3.2264769077301025
3.350214958190918,3.230370283126831
3.350236415863037,3.230297565460205
3.3519203662872314,3.2224268913269043
3.352897882461548,3.2159957885742188
3.3554234504699707,3.197896718978882
3.356513500213623,3.1897687911987305
3.3592591285705566,3.1695029735565186
3.360382318496704,3.1613030433654785
3.363187789916992,3.141045331954956
3.3639400005340576,3.135681390762329
3.3652703762054443,3.1249048709869385
3.3654189109802246,3.123215675354004
3.3652915954589844,3.128124237060547
3.365401029586792,3.1326029300689697
3.3654379844665527,3.1397910118103027
3.365393877029419,3.1408531665802
3.3653388023376465,3.141305446624756
3.3653180599212646,3.141404628753662
3.365164279937744,3.1418869495391846
3.3652353286743164,3.1417245864868164
3.3700344562530518,3.132695198059082
3.3739569187164307,3.126223087310791
3.3806562423706055,3.115100383758545
3.3829705715179443,3.1110589504241943
3.391324520111084,3.095491886138916
3.3940258026123047,3.090278148651123
3.399509906768799,3.0791261196136475
3.4007949829101562,3.076235055923462
3.406374454498291,3.062192440032959
3.408738613128662,3.055861473083496
3.4128193855285645,3.045771837234497
3.4143617153167725,3.0423858165740967
3.4219448566436768,3.0273025035858154
3.4249894618988037,3.0215542316436768
3.431534767150879,3.008668899536133
3.434053421020508,3.003448486328125
3.4424476623535156,2.98479962348938
3.4456841945648193,2.9771270751953125
3.453226327896118,2.959183931350708
3.4559409618377686,2.952747106552124
3.464064598083496,2.934089183807373
3.4674699306488037,2.926490068435669
3.475654125213623,2.9081907272338867
3.4778976440429688,2.9031496047973633
3.4857847690582275,2.885355234146118
3.4891855716705322,2.877671003341675
3.4994871616363525,2.8542470932006836
3.5028088092803955,2.8466386795043945
3.5108065605163574,2.828284740447998
3.51409649848938,2.8207175731658936
3.5223581790924072,2.801650285720825
3.524616003036499,2.796422004699707
3.53239369392395,2.778303861618042
3.535637378692627,2.770716905593872
3.5434510707855225,2.7525041103363037
3.5466907024383545,2.7449705600738525
3.554685354232788,2.7263946533203125
3.5579426288604736,2.718841075897217
3.5654635429382324,2.7014942169189453
3.568751811981201,2.6939539909362793
3.577533483505249,2.6739814281463623
3.5809106826782227,2.666369676589966
3.5886006355285645,2.6491525173187256
3.5919604301452637,2.641671657562256
3.600783586502075,2.6220779418945312
3.604154109954834,2.6146018505096436
3.611628293991089,2.5980091094970703
3.6150407791137695,2.5904409885406494
3.6241111755371094,2.5704033374786377
3.627500534057617,2.5629358291625977
3.6356027126312256,2.545043706893921
3.6383938789367676,2.5388336181640625
3.646390199661255,2.5204238891601562
3.649608612060547,2.51279878616333
3.6572160720825195,2.4947731494903564
3.660438299179077,2.487122058868408
3.6679654121398926,2.4692548513412476
3.6712117195129395,2.4615590572357178
3.6766154766082764,2.449198007583618
3.6784355640411377,2.445327043533325
3.686743974685669,2.428993821144104
3.6904983520507812,2.421902894973755
3.6990222930908203,2.4057955741882324
3.7028889656066895,2.398477792739868
3.712470531463623,2.380267024040222
3.715668201446533,2.374170184135437
3.719151020050049,2.3679980039596558
3.719191789627075,2.367933988571167
3.718848943710327,2.3683727979660034
3.7201716899871826,2.366976261138916
3.720992088317871,2.3662232160568237
3.7221405506134033,2.3653087615966797
3.7322022914886475,2.358101010322571
3.7389578819274902,2.3535417318344116
3.7545483112335205,2.3429800271987915
3.76010799407959,2.3391828536987305
3.7770838737487793,2.3271981477737427
3.7838175296783447,2.322299003601074
3.7989327907562256,2.311281204223633
3.80570125579834,2.3063440322875977
3.8226420879364014,2.294006586074829
3.8293559551239014,2.28912353515625
3.849388360977173,2.274538993835449
3.8561792373657227,2.26958966255188
3.8740174770355225,2.2565927505493164
3.880831718444824,2.251632332801819
3.8985579013824463,2.238739490509033
3.905229091644287,2.2338836193084717
3.9267241954803467,2.2182118892669678
3.9333670139312744,2.2133599519729614
3.9498918056488037,2.2012253999710083
3.9553754329681396,2.1971898078918457
3.9720115661621094,2.1853824853897095
3.9787323474884033,2.1807724237442017
3.9983065128326416,2.167292356491089
4.005157947540283,2.162559390068054
4.022706031799316,2.150421380996704
4.029531002044678,2.145694613456726
4.049049377441406,2.1322227716445923
4.055932998657227,2.1274919509887695
4.071954250335693,2.1165287494659424
4.078816652297974,2.111856698989868
4.09656023979187,2.0998703241348267
4.103392124176025,2.0952885150909424
4.119764566421509,2.0843474864959717
4.126654386520386,2.0797613859176636
4.144001245498657,2.06827449798584
4.150934219360352,2.063707709312439
4.1711106300354,2.050488829612732
4.178129434585571,2.0459144115448
4.19619607925415,2.0341864824295044
4.202150344848633,2.0303430557250977
4.219109535217285,2.0196551084518433
4.22514533996582,2.015941023826599
4.241878271102905,2.0058997869491577
4.249059200286865,2.001683473587036
4.272036552429199,1.9881287813186646
4.279132843017578,1.9839186668395996
4.298345565795898,1.9724020957946777
4.305420637130737,1.9681074619293213
4.3262248039245605,1.9553108215332031
4.333270788192749,1.9509202241897583
4.345148801803589,1.9436606168746948
4.348914861679077,1.941476821899414
4.365615367889404,1.9322935342788696
4.3729469776153564,1.9283450841903687
4.389909505844116,1.9191131591796875
4.397273540496826,1.9150654077529907
4.4147937297821045,1.905376672744751
4.420989751815796,1.901936411857605
4.442257881164551,1.8902912139892578
4.449517011642456,1.8863685131072998
4.468431234359741,1.8761162757873535
4.475680351257324,1.8721749782562256
4.493627548217773,1.8623695373535156
4.500881671905518,1.858384370803833
4.5182225704193115,1.8487898111343384
4.524329423904419,1.8453974723815918
4.542261362075806,1.8356701135635376
4.548414468765259,1.832416296005249
4.56671142578125,1.8230003118515015
4.5741541385650635,1.8192654848098755
4.5916759967803955,1.810503602027893
4.599152326583862,1.8067796230316162
4.617678165435791,1.7975921630859375
4.624013900756836,1.7944732904434204
4.6429688930511475,1.7854156494140625
4.650471448898315,1.7819206714630127
4.669298887252808,1.7731263637542725
4.676678419113159,1.769667148590088
4.695858001708984,1.7606103420257568
4.703263282775879,1.7570873498916626
4.721558332443237,1.7483512163162231
4.7289769649505615,1.7447974681854248
4.747054100036621,1.7360750436782837
4.75449800491333,1.7324570417404175
4.771521329879761,1.7241721153259277
4.778918743133545,1.7205740213394165
4.797858953475952,1.7113690376281738
4.804123401641846,1.708335041999817
4.821803092956543,1.7000144720077515
4.827972888946533,1.6971956491470337
4.846309661865234,1.6890959739685059
4.853873252868652,1.6858620643615723
4.8713905811309814,1.678417682647705
4.878966808319092,1.6752132177352905
4.898545265197754,1.6669888496398926
4.906138181686401,1.663824439048767
4.929446458816528,1.6541540622711182
4.937046527862549,1.6510065793991089
4.959475040435791,1.6417254209518433
4.96605110168457,1.6390162706375122
4.9844911098480225,1.631617784500122
4.991045951843262,1.6290594339370728
5.009585380554199,1.622055172920227
5.017378330230713,1.6191926002502441
5.036287307739258,1.6121654510498047
5.044103622436523,1.6092209815979004
5.06430196762085,1.601523995399475
5.072003364562988,1.5985620021820068
5.089405059814453,1.5920565128326416
5.093159198760986,1.5907539129257202
5.110836505889893,1.5852912664413452
5.118720054626465,1.5830333232879639
5.138049602508545,1.57753324508667
5.1449151039123535,1.575581669807434
5.162878036499023,1.5702767372131348
5.170842170715332,1.567845106124878
5.188689708709717,1.5624192953109741
5.194967269897461,1.560531497001648
5.213928699493408,1.5551252365112305
5.22204065322876,1.5529320240020752
5.24172306060791,1.5476635694503784
5.249795436859131,1.545519232749939
5.27351713180542,1.539288878440857
5.281502723693848,1.5372124910354614
5.301375865936279,1.53207266330719
5.309415817260742,1.530003547668457
5.331461429595947,1.524369478225708
5.33953332901001,1.5223240852355957
5.359446048736572,1.5173406600952148
5.366205215454102,1.5156784057617188
5.386737823486328,1.510888934135437
5.39481782913208,1.5090948343276978
5.419092655181885,1.5037554502487183
5.427228927612305,1.501981496810913
5.447216987609863,1.4976541996002197
5.453999042510986,1.496205449104309
5.47481632232666,1.4920113682746887
5.482921600341797,1.4904648661613464
5.507758140563965,1.4857213497161865
5.515861511230469,1.4841668605804443
5.537134170532227,1.4800570607185364
5.543595314025879,1.478808581829071
5.562702178955078,1.4755191206932068
5.570735454559326,1.4743021726608276
5.589877128601074,1.471384346485138
5.5979814529418945,1.470132291316986
5.618412971496582,1.4669427871704102
5.626564025878906,1.4656602144241333
5.6464409828186035,1.462528109550476
5.653343200683594,1.4614511132240295
5.672456741333008,1.458688497543335
5.679181098937988,1.4577974677085876
5.702955722808838,1.4549554586410522
5.711209774017334,1.4540634751319885
5.7313456535339355,1.451931357383728
5.73965311050415,1.451063871383667
5.759187698364258,1.4490195512771606
5.76746940612793,1.4481521844863892
5.79263973236084,1.4454904198646545
5.800893783569336,1.4445992708206177
5.815074443817139,1.443195641040802
5.817043304443359,1.443051517009735
5.830607891082764,1.442813217639923
5.838679790496826,1.442997932434082
5.859075546264648,1.4434371590614319
5.86737585067749,1.44359290599823
5.889899253845215,1.443959891796112
5.8981499671936035,1.4440711736679077
5.916195392608643,1.4442659616470337
5.923104763031006,1.4443328380584717
5.9445390701293945,1.4447344541549683
5.952888488769531,1.444963276386261
5.973382949829102,1.4455131888389587
5.9817070960998535,1.4457322359085083
6.001770973205566,1.4462801814079285
6.008753776550293,1.4464894533157349
6.0310821533203125,1.4474557638168335
6.039295673370361,1.4479108452796936
6.058070182800293,1.4489971995353699
6.066356658935547,1.4494993090629578
6.086967468261719,1.4508274793624878
6.095250129699707,1.4513947367668152
6.127307415008545,1.4537644386291504
6.14504337310791,1.4551910758018494
6.188841819763184,1.4590099453926086
6.197185039520264,1.4597713947296143
6.224998474121094,1.4624596238136292
6.233534336090088,1.4633325934410095
6.279191970825195,1.4681719541549683
6.2807769775390625,1.4683469533920288
6.3285980224609375,1.4741043448448181
6.336854934692383,1.4751847982406616
6.376101493835449,1.4805471897125244
6.384345054626465,1.481726050376892
6.429620742797852,1.4883763790130615
6.431522846221924,1.4886635541915894
6.466659069061279,1.4941468834877014
6.474905014038086,1.495477020740509
6.506321430206299,1.5006581544876099
6.509915828704834,1.501262903213501
6.549898147583008,1.5081615447998047
6.551592826843262,1.5084619522094727
6.600337982177734,1.5172616243362427
6.608530044555664,1.5187557935714722
6.663198471069336,1.528792142868042
6.665139198303223,1.5291537046432495
6.714440822601318,1.5385620594024658
6.722616195678711,1.540144681930542
6.761857032775879,1.5478544235229492
6.763371467590332,1.5481560230255127
6.797552585601807,1.555094599723816
6.815539836883545,1.5588524341583252
6.863535404205322,1.5690990686416626
6.8718485832214355,1.5708931684494019
6.912383556365967,1.5797178745269775
6.920542240142822,1.5815060138702393
6.948253631591797,1.5875996351242065
6.965382099151611,1.591378927230835
7.017882347106934,1.602948546409607
7.025964736938477,1.6047316789627075
7.078308582305908,1.6164212226867676
7.080332279205322,1.61688232421875
7.1141791343688965,1.624648094177246
7.122025966644287,1.6264392137527466
7.166691780090332,1.636625051498413
7.17498254776001,1.638519525527954
7.219144821166992,1.6486362218856812
7.220747947692871,1.6490049362182617
7.267343044281006,1.6598355770111084
7.27549934387207,1.6617501974105835
7.313961982727051,1.670788049697876
7.3155388832092285,1.6711596250534058
7.348150730133057,1.678871750831604
7.362414360046387,1.6822351217269897
7.411040782928467,1.693493366241455
7.41923189163208,1.6953682899475098
7.446864128112793,1.7016985416412354
7.469092845916748,1.7067915201187134
7.501676082611084,1.7141789197921753
7.518005847930908,1.717817783355713
7.5670037269592285,1.7283391952514648
7.5753302574157715,1.7300701141357422
7.6422529220581055,1.7439110279083252
7.6439385414123535,1.7442594766616821
7.677873611450195,1.751262903213501
7.701249122619629,1.756085991859436
7.733887672424316,1.7628604173660278
7.765769958496094,1.7695426940917969
7.819149017333984,1.780879259109497
7.827190399169922,1.782611608505249
7.872689247131348,1.7927842140197754
7.874190330505371,1.7931458950042725
7.9053263664245605,1.8015327453613281
7.923151016235352,1.8068580627441406
7.965760707855225,1.821014165878296
7.973333835601807,1.8237402439117432
7.998832702636719,1.833450198173523
8.007061958312988,1.8367304801940918
8.014646530151367,1.8397818803787231
8.038038730621338,1.8493154048919678
8.045360088348389,1.8523414134979248
8.085338592529297,1.869316577911377
8.092972755432129,1.8726428747177124
8.118568897247314,1.883914828300476
8.133848667144775,1.8907288312911987
