0.4,0.5,1,0.5
0.39745,0.50965,1.0041,0.50567
0.39491,0.51931,1.0081,0.51132
0.39237,0.52896,1.0121,0.51693
0.38985,0.53862,1.0161,0.5225
0.38736,0.54829,1.0201,0.52799
0.38489,0.55796,1.0239,0.5334
0.38244,0.56764,1.0277,0.53871
0.38003,0.57733,1.0315,0.54389
0.37767,0.58704,1.0351,0.54895
0.37534,0.59675,1.0386,0.55386
0.37306,0.60647,1.042,0.55861
0.37083,0.61621,1.0452,0.56318
0.36865,0.62596,1.0484,0.56758
0.36653,0.63572,1.0513,0.57179
0.36446,0.6455,1.0542,0.57579
0.36246,0.65529,1.0568,0.57959
0.36052,0.66509,1.0594,0.58318
0.35864,0.67491,1.0617,0.58655
0.35683,0.68475,1.0639,0.5897
0.35508,0.69459,1.0659,0.59263
0.35339,0.70443,1.0676,0.59512
0.35177,0.71429,1.069,0.5974
0.35021,0.72415,1.0703,0.59946
0.34872,0.73403,1.0715,0.60134
0.3473,0.74391,1.0725,0.60302
0.34595,0.75381,1.0734,0.60454
0.34466,0.76371,1.0741,0.60589
0.34343,0.77362,1.0748,0.60709
0.34227,0.78354,1.0754,0.60815
0.34117,0.79346,1.0758,0.6091
0.34013,0.80339,1.0762,0.60994
0.33915,0.81333,1.0765,0.61069
0.33822,0.82327,1.0768,0.61136
0.33734,0.83321,1.077,0.61196
0.33651,0.84316,1.0772,0.61252
0.33574,0.85311,1.0774,0.61304
0.335,0.86306,1.0775,0.61355
0.33431,0.87301,1.0777,0.61404
0.33366,0.88296,1.0778,0.61454
0.33305,0.89292,1.078,0.61505
0.3324,0.90281,1.0783,0.61578
0.33178,0.9127,1.0786,0.61654
0.3312,0.9226,1.0789,0.61734
0.33065,0.9325,1.0792,0.61816
0.33013,0.9424,1.0796,0.61903
0.32964,0.9523,1.08,0.61993
0.32918,0.96221,1.0805,0.62088
0.32875,0.97213,1.081,0.62186
0.32834,0.98205,1.0815,0.62288
0.32796,0.99198,1.0821,0.62392
0.3276,1.0019,1.0827,0.625
0.32728,1.0119,1.0833,0.6261
0.32697,1.0218,1.0839,0.62723
0.32669,1.0318,1.0846,0.62837
0.32643,1.0418,1.0852,0.62951
0.3262,1.0518,1.0859,0.63067
0.32599,1.0618,1.0866,0.63182
0.3258,1.0718,1.0873,0.63296
0.32563,1.0819,1.088,0.63409
0.32548,1.0919,1.0886,0.6352
0.32533,1.1017,1.089,0.63589
0.3252,1.1115,1.0894,0.63657
0.32509,1.1213,1.0897,0.63722
0.325,1.1312,1.09,0.63786
0.32493,1.141,1.0903,0.63849
0.32488,1.1509,1.0906,0.63911
0.32485,1.1608,1.0909,0.63972
0.32483,1.1707,1.0912,0.64033
0.32483,1.1806,1.0915,0.64094
0.32485,1.1906,1.0918,0.64155
0.32488,1.2005,1.0922,0.64217
0.32493,1.2105,1.0925,0.64281
0.32499,1.2204,1.0928,0.64346
0.32507,1.2304,1.0931,0.64412
0.32516,1.2403,1.0934,0.6448
0.32526,1.2502,1.0938,0.6455
0.32537,1.2601,1.0941,0.64622
0.32549,1.2699,1.0945,0.64696
0.32562,1.2797,1.0948,0.64772
0.32575,1.2893,1.0952,0.6485
0.32586,1.2993,1.0957,0.64966
0.32597,1.3092,1.0962,0.65082
0.32609,1.3189,1.0967,0.65199
0.32621,1.3285,1.0972,0.65314
0.32634,1.3379,1.0977,0.65427
0.32647,1.347,1.0981,0.65538
0.3266,1.356,1.0986,0.65644
0.32673,1.3646,1.099,0.65746
0.32686,1.3729,1.0995,0.65842
0.32699,1.3809,1.0999,0.65931
0.32713,1.3886,1.1002,0.66014
0.32726,1.3959,1.1006,0.66089
0.32739,1.4029,1.1009,0.66157
0.32751,1.4094,1.1012,0.66216
0.32763,1.4155,1.1014,0.66267
0.32775,1.4212,1.1016,0.66309
0.32786,1.4265,1.1018,0.66344
0.32797,1.4313,1.1019,0.66372
0.32807,1.4358,1.102,0.66393
0.32817,1.4397,1.1021,0.66408
0.3282,1.4424,1.1018,0.66348
0.32823,1.4446,1.1015,0.66286
0.32825,1.4465,1.1012,0.66225
0.32827,1.4481,1.1009,0.66168
0.32828,1.4493,1.1006,0.66119
0.32829,1.4502,1.1004,0.66079
0.3283,1.451,1.1002,0.66054
0.3283,1.4515,1.1002,0.66045
0.3283,1.4519,1.1002,0.66058
0.32831,1.4521,1.1003,0.66094
0.32831,1.4523,1.1006,0.66158
0.32831,1.4525,1.101,0.66251
0.32832,1.4526,1.1016,0.66379
0.32833,1.4528,1.1023,0.66542
0.32834,1.4531,1.1032,0.66744
0.32835,1.4535,1.1043,0.66988
0.32836,1.454,1.1056,0.67275
0.32838,1.4547,1.1071,0.67606
0.32841,1.4556,1.1088,0.67985
0.32843,1.4567,1.1107,0.68411
0.32845,1.4589,1.1131,0.68945
0.32847,1.4613,1.1157,0.69527
0.32849,1.4639,1.1185,0.70156
0.32852,1.4667,1.1215,0.7083
0.32855,1.4697,1.1247,0.71547
0.32858,1.4729,1.1281,0.72305
0.32863,1.4763,1.1316,0.73103
0.32867,1.4797,1.1353,0.73937
0.32872,1.4833,1.1392,0.74805
0.32877,1.487,1.1432,0.75704
0.32883,1.4907,1.1473,0.7663
0.32889,1.4944,1.1515,0.7758
0.32895,1.4982,1.1558,0.78551
0.32902,1.5018,1.1601,0.7954
0.32908,1.5055,1.1645,0.80543
0.32915,1.509,1.169,0.81557
0.32921,1.5124,1.1735,0.82578
0.32927,1.5156,1.178,0.83603
0.32934,1.5186,1.1825,0.84628
0.3294,1.5215,1.1869,0.85651
0.32941,1.5232,1.1909,0.86604
0.32942,1.5247,1.1948,0.8755
0.32942,1.5259,1.1987,0.88488
0.32943,1.5269,1.2026,0.89418
0.32943,1.5277,1.2064,0.90339
0.32943,1.5283,1.2102,0.9125
0.32943,1.5287,1.214,0.92151
0.32942,1.5288,1.2177,0.93042
0.32942,1.5288,1.2214,0.93922
0.32942,1.5286,1.2251,0.94793
0.32941,1.5283,1.2288,0.95654
0.32941,1.5278,1.2324,0.96505
0.32941,1.5273,1.2361,0.97348
0.3294,1.5266,1.2397,0.98183
0.3294,1.5258,1.2434,0.9901
0.3294,1.525,1.247,0.9983
0.3294,1.5241,1.2506,1.0064
0.3294,1.5233,1.2543,1.0145
0.3294,1.5224,1.2579,1.0226
0.3294,1.5215,1.2615,1.0306
0.32938,1.521,1.2654,1.0388
0.32936,1.5206,1.2692,1.0469
0.32934,1.5202,1.273,1.0551
0.32932,1.5199,1.2769,1.0632
0.32931,1.5196,1.2806,1.0713
0.3293,1.5194,1.2844,1.0794
0.32929,1.5192,1.2881,1.0876
0.32928,1.5191,1.2918,1.0957
0.32928,1.5191,1.2954,1.1039
0.32928,1.5191,1.2989,1.112
0.32928,1.5191,1.3024,1.1202
0.32928,1.5193,1.3058,1.1284
0.32929,1.5194,1.309,1.1366
0.3293,1.5196,1.3122,1.1448
0.32931,1.5199,1.3152,1.1531
0.32933,1.5202,1.3182,1.1613
0.32934,1.5205,1.3209,1.1696
0.32936,1.5208,1.3236,1.1778
0.32938,1.5212,1.3261,1.186
0.3294,1.5215,1.3284,1.1943
0.32939,1.5215,1.3302,1.2024
0.32937,1.5215,1.3319,1.2105
0.32936,1.5215,1.3334,1.2185
0.32935,1.5215,1.3348,1.2266
0.32934,1.5215,1.336,1.2346
0.32933,1.5215,1.337,1.2426
0.32932,1.5215,1.338,1.2505
0.32932,1.5215,1.3388,1.2584
0.32931,1.5215,1.3395,1.2663
0.32931,1.5215,1.3401,1.2741
0.32932,1.5215,1.3407,1.2818
0.32932,1.5215,1.3411,1.2895
0.32932,1.5215,1.3414,1.2971
0.32933,1.5215,1.3417,1.3046
0.32934,1.5215,1.3419,1.3121
0.32935,1.5215,1.3421,1.3194
0.32936,1.5215,1.3422,1.3267
0.32937,1.5215,1.3423,1.3339
0.32939,1.5215,1.3424,1.341
0.3294,1.5215,1.3424,1.348
0.32939,1.5215,1.3425,1.3546
0.32937,1.5214,1.3426,1.3612
0.32936,1.5213,1.3427,1.3676
0.32935,1.5213,1.3428,1.374
0.32934,1.5212,1.3429,1.3803
0.32933,1.5212,1.343,1.3865
0.32932,1.5212,1.3431,1.3926
0.32931,1.5211,1.3432,1.3987
0.32931,1.5211,1.3434,1.4047
0.32931,1.5211,1.3436,1.4106
0.32931,1.5211,1.3438,1.4165
0.32931,1.5211,1.344,1.4223
0.32932,1.5212,1.3442,1.4282
0.32933,1.5212,1.3444,1.4339
0.32934,1.5212,1.3447,1.4397
0.32935,1.5213,1.345,1.4454
0.32936,1.5213,1.3452,1.4511
0.32937,1.5214,1.3455,1.4568
0.32939,1.5215,1.3458,1.4625
0.3294,1.5215,1.3461,1.4682
0.32939,1.5215,1.3462,1.4738
0.32937,1.5214,1.3463,1.4795
0.32936,1.5213,1.3463,1.4852
0.32935,1.5213,1.3464,1.4909
0.32934,1.5212,1.3465,1.4966
0.32933,1.5212,1.3466,1.5023
0.32932,1.5212,1.3467,1.508
0.32931,1.5211,1.3468,1.5137
0.32931,1.5211,1.3469,1.5195
0.32931,1.5211,1.3469,1.5252
0.32931,1.5211,1.347,1.531
0.32931,1.5211,1.3471,1.5368
0.32932,1.5212,1.3472,1.5426
0.32933,1.5212,1.3473,1.5484
0.32934,1.5212,1.3474,1.5542
0.32935,1.5213,1.3475,1.5599
0.32936,1.5213,1.3476,1.5657
0.32937,1.5214,1.3477,1.5715
0.32939,1.5215,1.3478,1.5773
0.3294,1.5216,1.3479,1.583
0.32938,1.5214,1.3479,1.5886
0.32936,1.5213,1.348,1.5941
0.32935,1.5212,1.348,1.5996
0.32933,1.5212,1.348,1.6051
0.32932,1.5211,1.348,1.6105
0.32931,1.521,1.348,1.616
0.3293,1.521,1.348,1.6214
0.32929,1.5209,1.348,1.6268
0.32929,1.5209,1.3481,1.6322
0.32928,1.5209,1.3481,1.6375
0.32928,1.5209,1.3481,1.6428
0.32929,1.5209,1.3482,1.6481
0.3293,1.521,1.3482,1.6534
0.32931,1.521,1.3483,1.6587
0.32932,1.5211,1.3483,1.6639
0.32933,1.5212,1.3484,1.6691
0.32935,1.5213,1.3484,1.6743
0.32937,1.5214,1.3485,1.6794
0.32939,1.5215,1.3486,1.6845
0.32941,1.5216,1.3486,1.6896
0.3294,1.5216,1.3486,1.6945
0.3294,1.5216,1.3486,1.6994
0.32939,1.5216,1.3485,1.7042
0.32939,1.5217,1.3485,1.7091
0.32939,1.5217,1.3484,1.7139
0.32938,1.5217,1.3484,1.7187
0.32938,1.5217,1.3484,1.7235
0.32938,1.5218,1.3483,1.7283
0.32938,1.5218,1.3483,1.7332
0.32939,1.5218,1.3483,1.738
0.32939,1.5218,1.3483,1.7428
0.32939,1.5219,1.3483,1.7476
0.3294,1.5219,1.3483,1.7525
0.3294,1.5219,1.3483,1.7574
0.3294,1.5219,1.3484,1.7622
0.32941,1.5218,1.3484,1.7671
0.32941,1.5218,1.3484,1.7721
0.32941,1.5218,1.3484,1.777
0.32941,1.5217,1.3485,1.7819
0.32942,1.5217,1.3485,1.7869
0.32938,1.5214,1.3484,1.7918
0.32934,1.5211,1.3483,1.7967
0.3293,1.5208,1.3482,1.8016
0.32926,1.5205,1.3482,1.8065
0.32923,1.5203,1.3481,1.8114
0.32919,1.52,1.348,1.8164
0.32917,1.5198,1.3479,1.8214
0.32914,1.5196,1.3479,1.8263
0.32912,1.5194,1.3478,1.8314
0.32911,1.5193,1.3478,1.8364
0.32911,1.5193,1.3477,1.8414
0.32911,1.5193,1.3477,1.8465
0.32912,1.5193,1.3477,1.8515
0.32913,1.5195,1.3476,1.8566
0.32916,1.5197,1.3476,1.8617
0.3292,1.52,1.3476,1.8668
0.32925,1.5203,1.3476,1.8718
0.3293,1.5208,1.3476,1.8769
0.32937,1.5214,1.3476,1.8819
0.32945,1.522,1.3476,1.887
0.32952,1.5227,1.3475,1.8918
0.32959,1.5234,1.3474,1.8967
0.32968,1.5243,1.3473,1.9015
0.32978,1.5253,1.3472,1.9063
0.3299,1.5264,1.3471,1.9111
0.33003,1.5276,1.347,1.9159
0.33018,1.529,1.3469,1.9207
0.33034,1.5304,1.3468,1.9255
0.33051,1.5321,1.3467,1.9303
0.33071,1.5338,1.3467,1.935
0.33091,1.5357,1.3466,1.9398
0.33114,1.5377,1.3466,1.9446
0.33138,1.5399,1.3465,1.9493
0.33163,1.5422,1.3465,1.9541
0.3319,1.5446,1.3465,1.9589
0.33219,1.5472,1.3465,1.9636
0.33249,1.5499,1.3465,1.9684
0.3328,1.5527,1.3465,1.9732
0.33313,1.5556,1.3465,1.978
0.33347,1.5587,1.3465,1.9828
0.33379,1.5617,1.3464,1.9873
0.33412,1.5647,1.3463,1.9919
0.33446,1.5679,1.3462,1.9965
0.33481,1.5712,1.3461,2.0011
0.33518,1.5747,1.346,2.0058
0.33556,1.5782,1.3459,2.0106
0.33595,1.5819,1.3458,2.0154
0.33636,1.5856,1.3458,2.0202
0.33678,1.5895,1.3457,2.0252
0.33722,1.5935,1.3457,2.0302
0.33766,1.5976,1.3456,2.0353
0.33812,1.6018,1.3456,2.0405
0.33859,1.6061,1.3456,2.0457
0.33907,1.6105,1.3455,2.0511
0.33956,1.615,1.3455,2.0566
0.34006,1.6195,1.3455,2.0621
0.34057,1.6242,1.3455,2.0678
0.34108,1.6289,1.3455,2.0735
0.34161,1.6336,1.3455,2.0794
0.34214,1.6385,1.3455,2.0853
0.34265,1.6433,1.3454,2.0913
0.34317,1.6481,1.3453,2.0974
0.34369,1.653,1.3451,2.1035
0.34421,1.6579,1.345,2.1097
0.34474,1.6628,1.3449,2.116
0.34527,1.6678,1.3448,2.1223
0.34581,1.6727,1.3447,2.1287
0.34634,1.6777,1.3446,2.1351
0.34688,1.6827,1.3445,2.1415
0.34742,1.6877,1.3445,2.1479
0.34796,1.6927,1.3444,2.1544
0.3485,1.6977,1.3444,2.1608
0.34904,1.7027,1.3443,2.1672
0.34958,1.7076,1.3443,2.1736
0.35012,1.7125,1.3443,2.1799
0.35065,1.7174,1.3443,2.1862
0.35118,1.7222,1.3443,2.1925
0.35171,1.727,1.3443,2.1987
0.35223,1.7318,1.3443,2.2048
0.35274,1.7365,1.3443,2.2108
0.35321,1.7409,1.3442,2.2163
0.35367,1.7452,1.3441,2.2218
0.35412,1.7495,1.344,2.2271
0.35458,1.7537,1.3439,2.2324
0.35502,1.7579,1.3439,2.2376
0.35547,1.7621,1.3438,2.2428
0.35591,1.7662,1.3438,2.2478
0.35635,1.7703,1.3437,2.2529
0.35679,1.7744,1.3437,2.2578
0.35723,1.7785,1.3437,2.2628
0.35767,1.7826,1.3437,2.2677
0.35812,1.7867,1.3437,2.2726
0.35856,1.7907,1.3438,2.2774
0.359,1.7948,1.3438,2.2823
0.35944,1.7989,1.3439,2.2871
0.35989,1.803,1.3439,2.292
0.36034,1.8071,1.344,2.2968
0.36079,1.8112,1.3441,2.3017
0.36124,1.8153,1.3442,2.3066
0.3617,1.8195,1.3443,2.3115
0.36213,1.8236,1.3443,2.3164
0.36257,1.8277,1.3442,2.3213
0.36301,1.8319,1.3442,2.3263
0.36346,1.8361,1.3442,2.3313
0.36391,1.8403,1.3442,2.3363
0.36436,1.8445,1.3442,2.3413
0.36482,1.8488,1.3442,2.3464
0.36528,1.8531,1.3442,2.3516
0.36575,1.8574,1.3443,2.3567
0.36622,1.8618,1.3443,2.3619
0.36669,1.8662,1.3444,2.3672
0.36717,1.8706,1.3445,2.3724
0.36765,1.875,1.3445,2.3777
0.36813,1.8794,1.3446,2.383
0.36861,1.8839,1.3447,2.3883
0.3691,1.8884,1.3448,2.3936
0.36959,1.8929,1.3449,2.3989
0.37008,1.8973,1.3451,2.4042
0.37057,1.9018,1.3452,2.4095
0.37106,1.9063,1.3453,2.4148
0.37151,1.9105,1.3453,2.4197
0.37195,1.9147,1.3453,2.4246
0.37239,1.9188,1.3454,2.4295
0.37284,1.923,1.3454,2.4344
0.37328,1.9272,1.3454,2.4392
0.37373,1.9314,1.3455,2.4441
0.37418,1.9356,1.3455,2.449
0.37463,1.9398,1.3456,2.4539
0.37508,1.944,1.3456,2.4588
0.37554,1.9482,1.3457,2.4637
0.37599,1.9525,1.3458,2.4686
0.37645,1.9567,1.3459,2.4735
0.37692,1.961,1.346,2.4784
0.37739,1.9653,1.3462,2.4834
0.37785,1.9696,1.3463,2.4884
0.37833,1.974,1.3465,2.4934
0.3788,1.9783,1.3466,2.4984
0.37928,1.9827,1.3468,2.5034
0.37976,1.9871,1.347,2.5084
0.38025,1.9915,1.3472,2.5135
0.38071,1.9959,1.3472,2.5184
0.38116,2.0002,1.3473,2.5234
0.38163,2.0045,1.3474,2.5284
0.38209,2.0089,1.3475,2.5334
0.38256,2.0133,1.3476,2.5384
0.38303,2.0177,1.3477,2.5434
0.38351,2.0222,1.3478,2.5485
0.38398,2.0267,1.3479,2.5535
0.38447,2.0311,1.3481,2.5586
0.38495,2.0357,1.3482,2.5638
0.38544,2.0402,1.3484,2.5689
0.38593,2.0447,1.3486,2.574
0.38643,2.0493,1.3488,2.5792
0.38692,2.0539,1.349,2.5844
0.38742,2.0585,1.3492,2.5896
0.38792,2.0631,1.3494,2.5947
0.38843,2.0677,1.3497,2.5999
0.38893,2.0723,1.3499,2.6051
0.38943,2.077,1.3502,2.6103
0.38994,2.0816,1.3505,2.6154
0.3904,2.086,1.3506,2.6203
0.39087,2.0904,1.3508,2.6252
0.39134,2.0948,1.3509,2.63
0.3918,2.0991,1.3511,2.6348
0.39227,2.1035,1.3513,2.6397
0.39274,2.1079,1.3515,2.6445
0.3932,2.1123,1.3517,2.6493
0.39367,2.1167,1.3519,2.6541
0.39415,2.1211,1.3521,2.6589
0.39462,2.1255,1.3524,2.6637
0.39509,2.1299,1.3526,2.6684
0.39557,2.1344,1.3529,2.6732
0.39605,2.1388,1.3532,2.678
0.39653,2.1432,1.3535,2.6828
0.39702,2.1477,1.3539,2.6875
0.3975,2.1521,1.3542,2.6923
0.39799,2.1566,1.3545,2.6971
0.39848,2.1611,1.3549,2.7019
0.39897,2.1656,1.3553,2.7066
0.39946,2.1701,1.3557,2.7114
0.39991,2.1744,1.3559,2.7159
0.40037,2.1787,1.3562,2.7204
0.40083,2.183,1.3565,2.7249
0.40129,2.1874,1.3568,2.7294
0.40176,2.1918,1.3571,2.7339
0.40223,2.1962,1.3575,2.7385
0.4027,2.2007,1.3578,2.743
0.40318,2.2052,1.3582,2.7476
0.40367,2.2097,1.3586,2.7523
0.40416,2.2143,1.3591,2.7569
0.40466,2.2189,1.3595,2.7616
0.40516,2.2236,1.36,2.7663
0.40567,2.2283,1.3605,2.771
0.40618,2.233,1.3611,2.7758
0.40671,2.2378,1.3616,2.7806
0.40723,2.2427,1.3622,2.7854
0.40777,2.2476,1.3628,2.7903
0.40831,2.2526,1.3635,2.7952
0.40885,2.2576,1.3641,2.8001
0.4094,2.2626,1.3648,2.805
0.40992,2.2675,1.3654,2.8098
0.41045,2.2725,1.366,2.8145
0.41098,2.2775,1.3666,2.8193
0.41151,2.2825,1.3672,2.8241
0.41205,2.2876,1.3679,2.8289
0.4126,2.2927,1.3686,2.8338
0.41315,2.2978,1.3693,2.8386
0.4137,2.303,1.3701,2.8435
0.41426,2.3082,1.3709,2.8484
0.41482,2.3135,1.3717,2.8532
0.41539,2.3188,1.3725,2.8581
0.41596,2.3241,1.3733,2.863
0.41654,2.3294,1.3742,2.8679
0.41712,2.3348,1.3751,2.8728
0.4177,2.3401,1.376,2.8776
0.41828,2.3455,1.377,2.8825
0.41886,2.3508,1.3779,2.8873
0.41944,2.3562,1.3789,2.8921
0.42002,2.3615,1.3799,2.8968
0.4206,2.3668,1.3809,2.9015
0.42114,2.3719,1.3818,2.9059
0.42167,2.377,1.3827,2.9103
0.42221,2.382,1.3836,2.9145
0.42274,2.387,1.3845,2.9188
0.42326,2.392,1.3855,2.923
0.42379,2.3969,1.3864,2.9271
0.42431,2.4018,1.3873,2.9312
0.42482,2.4066,1.3883,2.9352
0.42533,2.4114,1.3893,2.9391
0.42584,2.4161,1.3902,2.943
0.42635,2.4208,1.3912,2.9469
0.42685,2.4255,1.3922,2.9507
0.42734,2.4301,1.3932,2.9544
0.42783,2.4346,1.3941,2.958
0.42831,2.4391,1.3951,2.9616
0.42879,2.4435,1.3961,2.9652
0.42926,2.4478,1.3971,2.9686
0.42973,2.4521,1.3981,2.972
0.43018,2.4562,1.399,2.9753
0.43063,2.4604,1.4,2.9786
0.43102,2.464,1.4008,2.9815
0.4314,2.4676,1.4016,2.9843
0.43177,2.4712,1.4023,2.987
0.43213,2.4746,1.4031,2.9896
0.43249,2.4781,1.4039,2.9923
0.43285,2.4814,1.4046,2.9948
0.4332,2.4847,1.4054,2.9973
0.43355,2.488,1.4062,2.9998
0.43389,2.4912,1.4069,3.0022
0.43423,2.4944,1.4077,3.0045
0.43457,2.4975,1.4084,3.0069
0.4349,2.5006,1.4092,3.0092
0.43523,2.5037,1.41,3.0114
0.43556,2.5068,1.4107,3.0137
0.43589,2.5098,1.4115,3.0158
0.43622,2.5128,1.4123,3.018
0.43654,2.5157,1.4131,3.0201
0.43686,2.5187,1.4138,3.0222
0.43718,2.5215,1.4146,3.0242
0.43749,2.5244,1.4154,3.0262
0.43778,2.5272,1.4161,3.028
0.43807,2.5299,1.4168,3.0298
0.43835,2.5326,1.4174,3.0315
0.43862,2.5353,1.4181,3.0332
0.43889,2.5379,1.4188,3.0349
0.43916,2.5404,1.4194,3.0365
0.43941,2.5428,1.4201,3.038
0.43966,2.5452,1.4207,3.0395
0.4399,2.5474,1.4213,3.041
0.44013,2.5496,1.4219,3.0424
0.44035,2.5517,1.4225,3.0437
0.44057,2.5536,1.4231,3.045
0.44077,2.5555,1.4236,3.0463
0.44096,2.5572,1.4241,3.0474
0.44114,2.5588,1.4246,3.0486
0.4413,2.5603,1.4251,3.0496
0.44146,2.5617,1.4255,3.0506
0.4416,2.563,1.426,3.0516
0.44174,2.5642,1.4264,3.0524
0.44186,2.5652,1.4267,3.0532
0.44189,2.5655,1.4269,3.0536
0.44191,2.5658,1.427,3.0538
0.44192,2.566,1.427,3.054
0.44193,2.5661,1.4271,3.0542
0.44193,2.5662,1.4272,3.0543
0.44194,2.5663,1.4272,3.0545
0.44195,2.5664,1.4273,3.0546
0.44196,2.5666,1.4273,3.0547
0.44198,2.5668,1.4274,3.0548
0.44201,2.5671,1.4274,3.055
0.44206,2.5675,1.4275,3.0552
0.44211,2.568,1.4276,3.0554
0.44219,2.5687,1.4278,3.0557
0.44228,2.5695,1.4279,3.056
0.4424,2.5706,1.4281,3.0564
0.44254,2.5718,1.4283,3.0569
0.44271,2.5733,1.4286,3.0575
0.4429,2.5751,1.4289,3.0581
0.44312,2.5771,1.4292,3.0588
0.44338,2.5794,1.4296,3.0596
0.44364,2.582,1.43,3.0603
0.44394,2.5849,1.4304,3.0611
0.44427,2.5881,1.4308,3.0621
0.44464,2.5917,1.4313,3.0631
0.44505,2.5955,1.4319,3.0642
0.44549,2.5997,1.4324,3.0654
0.44597,2.6043,1.4331,3.0667
0.44649,2.6092,1.4338,3.0681
0.44704,2.6144,1.4345,3.0696
0.44763,2.62,1.4353,3.0712
0.44826,2.6258,1.4361,3.0729
0.44893,2.6321,1.437,3.0746
0.44963,2.6386,1.4379,3.0764
0.45037,2.6454,1.4388,3.0783
0.45114,2.6525,1.4397,3.0803
0.45195,2.6599,1.4407,3.0823
0.45278,2.6676,1.4417,3.0843
0.45365,2.6755,1.4427,3.0863
0.45454,2.6837,1.4438,3.0884
0.45546,2.6921,1.4448,3.0905
0.45634,2.7003,1.4457,3.0922
0.45725,2.7086,1.4466,3.094
0.45818,2.7172,1.4475,3.0957
0.45913,2.726,1.4483,3.0974
0.4601,2.7349,1.4492,3.0991
0.46109,2.7439,1.4501,3.1008
0.46211,2.7531,1.4509,3.1025
0.46314,2.7625,1.4518,3.1041
0.4642,2.7719,1.4526,3.1057
0.46527,2.7815,1.4534,3.1073
0.46635,2.7912,1.4542,3.1088
0.46746,2.8009,1.4549,3.1103
0.46857,2.8107,1.4557,3.1117
0.46971,2.8206,1.4564,3.1131
0.47085,2.8306,1.4571,3.1144
0.47201,2.8406,1.4578,3.1157
0.47318,2.8506,1.4584,3.1169
0.47436,2.8607,1.459,3.1181
0.47555,2.8707,1.4596,3.1192
0.47675,2.8808,1.4601,3.1202
0.4779,2.8906,1.4604,3.1208
0.47905,2.9003,1.4606,3.1212
0.48022,2.91,1.4609,3.1217
0.4814,2.9198,1.4611,3.1221
0.48258,2.9295,1.4613,3.1224
0.48378,2.9392,1.4615,3.1228
0.48499,2.9489,1.4616,3.1231
0.48621,2.9587,1.4618,3.1234
0.48744,2.9684,1.462,3.1237
0.48868,2.9781,1.4621,3.1241
0.48994,2.9878,1.4623,3.1244
0.4912,2.9976,1.4625,3.1248
0.49249,3.0073,1.4627,3.1252
0.49378,3.017,1.4629,3.1256
0.4951,3.0268,1.4631,3.1261
0.49642,3.0365,1.4634,3.1266
0.49776,3.0463,1.4636,3.1271
0.49912,3.0561,1.4639,3.1277
0.50049,3.0658,1.4642,3.1283
0.50187,3.0756,1.4645,3.129
0.50323,3.0852,1.4649,3.1298
0.50459,3.0947,1.4654,3.1306
0.50598,3.1043,1.4658,3.1315
0.50738,3.1139,1.4663,3.1324
0.5088,3.1235,1.4667,3.1333
0.51024,3.1332,1.4672,3.1342
0.5117,3.1429,1.4677,3.1352
0.51317,3.1526,1.4681,3.1361
0.51467,3.1623,1.4686,3.137
0.51619,3.1721,1.4691,3.138
0.51773,3.1818,1.4695,3.1388
0.51928,3.1917,1.4699,3.1397
0.52086,3.2015,1.4703,3.1406
0.52246,3.2114,1.4707,3.1414
0.52407,3.2213,1.4711,3.1421
0.52571,3.2312,1.4714,3.1428
0.52736,3.2411,1.4717,3.1435
0.52903,3.2511,1.472,3.1441
0.53072,3.261,1.4723,3.1447
0.53243,3.271,1.4726,3.1453
0.53409,3.2806,1.4723,3.1448
0.53576,3.2902,1.472,3.1443
0.53746,3.2998,1.4718,3.1438
0.53917,3.3094,1.4715,3.1434
0.5409,3.3191,1.4713,3.143
0.54265,3.3287,1.4712,3.1428
0.54441,3.3384,1.4711,3.1427
0.5462,3.348,1.4711,3.1427
0.548,3.3577,1.4712,3.1429
0.54982,3.3674,1.4714,3.1433
0.55167,3.3772,1.4717,3.1439
0.55353,3.3869,1.4722,3.1448
0.55541,3.3967,1.4728,3.146
0.55731,3.4065,1.4735,3.1475
0.55922,3.4163,1.4744,3.1493
0.56116,3.4261,1.4755,3.1514
0.56311,3.436,1.4767,3.1538
0.56507,3.4458,1.4782,3.1566
0.56706,3.4556,1.4798,3.1597
0.56906,3.4655,1.4815,3.1632
0.57097,3.475,1.4838,3.1675
0.57289,3.4846,1.4862,3.1722
0.57483,3.4941,1.4888,3.1772
0.57679,3.5036,1.4915,3.1824
0.57877,3.5132,1.4943,3.1878
0.58077,3.5228,1.4972,3.1935
0.58279,3.5324,1.5002,3.1993
0.58483,3.542,1.5033,3.2052
0.58689,3.5516,1.5064,3.2113
0.58898,3.5612,1.5096,3.2173
0.59108,3.5709,1.5127,3.2234
0.59321,3.5805,1.5159,3.2294
0.59536,3.5902,1.519,3.2354
0.59754,3.5999,1.522,3.2412
0.59973,3.6096,1.5249,3.2468
0.60194,3.6194,1.5278,3.2523
0.60418,3.6291,1.5305,3.2575
0.60642,3.6388,1.5331,3.2625
0.60869,3.6486,1.5355,3.2671
0.61097,3.6584,1.5378,3.2714
0.6132,3.6678,1.5393,3.2742
0.61544,3.6773,1.5406,3.2767
0.6177,3.6868,1.5417,3.2788
0.61996,3.6963,1.5427,3.2805
0.62223,3.7058,1.5435,3.2819
0.6245,3.7153,1.5441,3.283
0.62678,3.7249,1.5446,3.2838
0.62906,3.7344,1.5449,3.2843
0.63134,3.7439,1.5451,3.2846
0.63363,3.7535,1.5452,3.2846
0.63591,3.7631,1.5451,3.2844
0.63819,3.7726,1.545,3.284
0.64046,3.7822,1.5447,3.2834
0.64273,3.7918,1.5444,3.2827
0.64499,3.8014,1.5441,3.2819
0.64725,3.811,1.5437,3.2811
0.64949,3.8206,1.5433,3.2801
0.65173,3.8303,1.5428,3.2792
0.65396,3.8399,1.5424,3.2782
0.65618,3.8495,1.5419,3.2772
0.65834,3.8587,1.5417,3.2766
0.6605,3.8678,1.5414,3.2761
0.66266,3.877,1.5412,3.2756
0.66481,3.8862,1.5411,3.2752
0.66696,3.8954,1.541,3.2749
0.66912,3.9047,1.5409,3.2746
0.67128,3.914,1.5409,3.2745
0.67345,3.9233,1.5409,3.2745
0.67564,3.9327,1.541,3.2745
0.67785,3.9421,1.5412,3.2747
0.68009,3.9515,1.5414,3.2749
0.68236,3.9611,1.5416,3.2752
0.68467,3.9706,1.5419,3.2757
0.68703,3.9803,1.5422,3.2761
0.68943,3.9899,1.5426,3.2767
0.6919,3.9996,1.543,3.2773
0.69444,4.0094,1.5434,3.278
0.69705,4.0191,1.5438,3.2787
0.69975,4.0289,1.5443,3.2794
0.70255,4.0387,1.5448,3.2801
0.70519,4.0484,1.545,3.2802
0.70795,4.058,1.5452,3.2804
0.71084,4.0677,1.5454,3.2805
0.71388,4.0773,1.5456,3.2806
0.71708,4.0868,1.5458,3.2808
0.72046,4.0964,1.546,3.2809
0.72403,4.1058,1.5462,3.281
0.72781,4.1152,1.5464,3.2812
0.73181,4.1245,1.5466,3.2813
0.73603,4.1337,1.5469,3.2814
0.74049,4.1428,1.5471,3.2816
0.74521,4.1518,1.5473,3.2817
0.75018,4.1606,1.5475,3.2819
0.75543,4.1692,1.5477,3.282
0.76094,4.1777,1.5479,3.2822
0.76674,4.186,1.5481,3.2823
0.77281,4.194,1.5483,3.2825
0.77917,4.2019,1.5485,3.2827
0.78581,4.2094,1.5486,3.2828
0.79273,4.2168,1.5488,3.283
0.80004,4.2233,1.5488,3.2829
0.80762,4.2296,1.5489,3.2828
0.81545,4.2357,1.5489,3.2827
0.82354,4.2414,1.5489,3.2827
0.83188,4.2469,1.5489,3.2826
0.84043,4.2521,1.549,3.2826
0.8492,4.257,1.549,3.2825
0.85817,4.2617,1.549,3.2825
0.86732,4.2661,1.5491,3.2825
0.87664,4.2703,1.5491,3.2825
0.8861,4.2742,1.5491,3.2825
0.89568,4.2778,1.5492,3.2826
0.90538,4.2812,1.5493,3.2827
0.91516,4.2844,1.5493,3.2828
0.92502,4.2873,1.5494,3.2829
0.93492,4.29,1.5495,3.283
0.94485,4.2926,1.5496,3.2831
0.9548,4.2949,1.5497,3.2833
0.96474,4.297,1.5499,3.2834
0.97465,4.2989,1.55,3.2836
0.98425,4.3003,1.55,3.2835
0.9938,4.3015,1.5501,3.2834
1.0033,4.3026,1.5501,3.2833
1.0127,4.3036,1.5502,3.2832
1.022,4.3044,1.5503,3.2832
1.0313,4.3051,1.5504,3.2831
1.0405,4.3058,1.5505,3.2831
1.0495,4.3063,1.5506,3.2831
1.0585,4.3068,1.5508,3.2832
1.0674,4.3073,1.551,3.2832
1.0761,4.3077,1.5512,3.2833
1.0848,4.3081,1.5515,3.2835
1.0934,4.3084,1.5517,3.2836
1.1018,4.3087,1.552,3.2838
1.1102,4.3091,1.5523,3.284
1.1185,4.3094,1.5527,3.2842
1.1266,4.3098,1.553,3.2844
1.1347,4.3101,1.5534,3.2846
1.1428,4.3105,1.5538,3.2849
1.1507,4.3109,1.5542,3.2852
1.1585,4.311,1.5545,3.2851
1.1662,4.3112,1.5548,3.2851
1.1739,4.3113,1.5551,3.2851
1.1815,4.3116,1.5554,3.2851
1.1891,4.3118,1.5557,3.2851
1.1967,4.3122,1.5561,3.2851
1.2042,4.3125,1.5564,3.2852
1.2118,4.313,1.5568,3.2852
1.2194,4.3134,1.5572,3.2853
1.227,4.314,1.5576,3.2854
1.2347,4.3146,1.558,3.2856
1.2423,4.3152,1.5584,3.2857
1.2501,4.3159,1.5589,3.2859
1.2578,4.3167,1.5593,3.2861
1.2657,4.3175,1.5597,3.2863
1.2736,4.3183,1.5602,3.2865
1.2816,4.3192,1.5606,3.2867
1.2897,4.32,1.5611,3.287
1.2979,4.3209,1.5616,3.2872
1.3061,4.3218,1.562,3.2875
1.3145,4.3223,1.5623,3.2874
1.3229,4.3228,1.5626,3.2873
1.3315,4.3232,1.5628,3.2873
1.3401,4.3237,1.5631,3.2872
1.3488,4.3242,1.5634,3.2872
1.3576,4.3247,1.5636,3.2872
1.3665,4.3252,1.5639,3.2872
1.3755,4.3258,1.5642,3.2872
1.3846,4.3263,1.5645,3.2872
1.3937,4.3269,1.5648,3.2873
1.4029,4.3275,1.5651,3.2874
1.4122,4.3281,1.5654,3.2875
1.4215,4.3287,1.5657,3.2876
1.4309,4.3294,1.5661,3.2877
1.4403,4.33,1.5664,3.2879
1.4498,4.3307,1.5668,3.2881
1.4593,4.3314,1.5671,3.2882
1.4688,4.3321,1.5675,3.2884
1.4783,4.3328,1.5679,3.2886
1.4878,4.3335,1.5683,3.2888
1.497,4.3338,1.5685,3.2888
1.5061,4.3342,1.5688,3.2887
1.5153,4.3345,1.569,3.2886
1.5244,4.3349,1.5693,3.2886
1.5336,4.3353,1.5696,3.2885
1.5427,4.3357,1.5699,3.2885
1.5519,4.3361,1.5702,3.2885
1.561,4.3365,1.5705,3.2885
1.5702,4.337,1.5708,3.2885
1.5794,4.3374,1.5711,3.2885
1.5886,4.338,1.5714,3.2886
1.5977,4.3385,1.5718,3.2887
1.6069,4.339,1.5721,3.2888
1.6161,4.3396,1.5725,3.289
1.6253,4.3402,1.5728,3.2891
1.6345,4.3408,1.5732,3.2893
1.6436,4.3414,1.5735,3.2894
1.6528,4.3421,1.5739,3.2896
1.6619,4.3427,1.5743,3.2898
1.671,4.3433,1.5747,3.29
1.6803,4.3436,1.5749,3.2899
1.6895,4.3438,1.5751,3.2898
1.6986,4.3441,1.5753,3.2897
1.7077,4.3444,1.5755,3.2897
1.7166,4.3447,1.5758,3.2896
1.7255,4.345,1.576,3.2896
1.7343,4.3453,1.5763,3.2895
1.7429,4.3456,1.5766,3.2895
1.7515,4.3459,1.5769,3.2896
1.7598,4.3463,1.5773,3.2896
1.768,4.3467,1.5777,3.2897
1.776,4.3471,1.5781,3.2898
1.7839,4.3475,1.5786,3.2899
1.7915,4.348,1.5791,3.2901
1.7989,4.3484,1.5796,3.2903
1.8061,4.3489,1.5802,3.2905
1.8131,4.3494,1.5809,3.2907
1.8199,4.3498,1.5816,3.291
1.8264,4.3503,1.5824,3.2912
1.8327,4.3508,1.5832,3.2915
1.8382,4.3508,1.5839,3.2915
1.8435,4.3509,1.5847,3.2915
1.8486,4.3509,1.5855,3.2915
1.8535,4.351,1.5865,3.2916
1.8582,4.351,1.5875,3.2917
1.8627,4.3511,1.5886,3.2918
1.8671,4.3512,1.5898,3.2919
1.8713,4.3513,1.5911,3.2921
1.8754,4.3515,1.5926,3.2923
1.8793,4.3516,1.5941,3.2925
1.8832,4.3518,1.5958,3.2928
1.887,4.352,1.5976,3.2931
1.8907,4.3523,1.5995,3.2935
1.8944,4.3525,1.6016,3.2939
1.8981,4.3528,1.6038,3.2943
1.9017,4.3531,1.6061,3.2947
1.9054,4.3534,1.6086,3.2952
1.9091,4.3538,1.6112,3.2957
1.9129,4.3541,1.6139,3.2963
1.9167,4.3545,1.6168,3.2968
1.9207,4.3545,1.6196,3.2971
1.9248,4.3544,1.6226,3.2973
1.9289,4.3545,1.6258,3.2977
1.9332,4.3545,1.629,3.298
1.9375,4.3545,1.6324,3.2983
1.942,4.3546,1.6359,3.2987
1.9465,4.3547,1.6395,3.2991
1.9512,4.3548,1.6432,3.2996
1.9559,4.355,1.6471,3.3
1.9608,4.3552,1.6511,3.3005
1.9657,4.3554,1.6551,3.301
1.9708,4.3557,1.6593,3.3016
1.9759,4.356,1.6635,3.3021
1.9811,4.3563,1.6679,3.3027
1.9864,4.3567,1.6723,3.3033
1.9918,4.3571,1.6768,3.304
1.9972,4.3575,1.6813,3.3046
2.0027,4.3579,1.6859,3.3052
2.0082,4.3583,1.6906,3.3059
2.0138,4.3588,1.6953,3.3066
2.0191,4.3588,1.6998,3.3069
2.0244,4.3588,1.7044,3.3072
2.0297,4.3589,1.7089,3.3076
2.035,4.359,1.7136,3.308
2.0403,4.3591,1.7182,3.3083
2.0457,4.3592,1.7229,3.3087
2.0511,4.3593,1.7276,3.3091
2.0565,4.3595,1.7324,3.3095
2.0619,4.3597,1.7372,3.3099
2.0673,4.3599,1.742,3.3103
2.0727,4.3602,1.7469,3.3107
2.0782,4.3605,1.7518,3.3112
2.0836,4.3608,1.7567,3.3116
2.089,4.3611,1.7616,3.3121
2.0945,4.3615,1.7666,3.3126
2.0999,4.3618,1.7716,3.3131
2.1053,4.3622,1.7767,3.3135
2.1107,4.3627,1.7817,3.314
2.1161,4.3631,1.7868,3.3145
2.1215,4.3635,1.7919,3.315
2.1268,4.3636,1.7969,3.3152
2.1321,4.3636,1.8018,3.3153
2.1374,4.3637,1.8069,3.3155
2.1426,4.3637,1.8119,3.3157
2.1479,4.3638,1.8169,3.3158
2.1531,4.3639,1.822,3.316
2.1583,4.3641,1.8272,3.3162
2.1635,4.3642,1.8323,3.3164
2.1687,4.3644,1.8375,3.3166
2.1738,4.3646,1.8427,3.3168
2.179,4.3649,1.8479,3.317
2.1841,4.3651,1.8532,3.3173
2.1892,4.3654,1.8585,3.3175
2.1943,4.3658,1.8638,3.3177
2.1993,4.3661,1.8692,3.318
2.2044,4.3665,1.8746,3.3182
2.2094,4.3669,1.88,3.3185
2.2144,4.3672,1.8854,3.3188
2.2194,4.3677,1.8909,3.319
2.2243,4.3681,1.8963,3.3193
2.2289,4.3681,1.9016,3.3192
2.2335,4.3681,1.9069,3.3191
2.2381,4.3681,1.9122,3.319
2.2426,4.3682,1.9176,3.3189
2.2472,4.3682,1.9229,3.3189
2.2518,4.3683,1.9283,3.3188
2.2564,4.3684,1.9337,3.3187
2.261,4.3685,1.9392,3.3187
2.2656,4.3687,1.9447,3.3186
2.2702,4.3689,1.9502,3.3186
2.2749,4.3691,1.9557,3.3185
2.2796,4.3694,1.9612,3.3185
2.2844,4.3696,1.9668,3.3185
2.2891,4.3699,1.9724,3.3185
2.2939,4.3703,1.978,3.3185
2.2987,4.3706,1.9837,3.3185
2.3035,4.371,1.9894,3.3185
2.3084,4.3714,1.9951,3.3185
2.3132,4.3718,2.0008,3.3185
2.3181,4.3722,2.0065,3.3185
2.323,4.3722,2.012,3.3182
2.3279,4.3723,2.0176,3.3178
2.3328,4.3723,2.0231,3.3175
2.3376,4.3724,2.0287,3.3172
2.3424,4.3724,2.0343,3.3168
2.3471,4.3725,2.0399,3.3165
2.3518,4.3726,2.0455,3.3162
2.3563,4.3727,2.0512,3.3159
2.3608,4.3729,2.0569,3.3156
2.3651,4.3731,2.0627,3.3154
2.3693,4.3733,2.0685,3.3151
2.3733,4.3735,2.0743,3.3149
2.3772,4.3737,2.0802,3.3147
2.381,4.374,2.0861,3.3145
2.3845,4.3743,2.092,3.3143
2.3878,4.3746,2.098,3.3141
2.391,4.3749,2.104,3.314
2.3939,4.3752,2.11,3.3138
2.3966,4.3755,2.1161,3.3137
2.399,4.3758,2.1222,3.3135
2.4008,4.3757,2.1283,3.3131
2.4022,4.3755,2.1344,3.3127
2.4035,4.3754,2.1406,3.3123
2.4046,4.3753,2.1467,3.3119
2.4054,4.3752,2.1529,3.3115
2.4061,4.3751,2.1591,3.3111
2.4066,4.375,2.1653,3.3107
2.4069,4.375,2.1716,3.3104
2.4071,4.3749,2.1778,3.31
2.4071,4.3749,2.1841,3.3097
2.4071,4.3749,2.1904,3.3093
2.4069,4.375,2.1967,3.309
2.4066,4.375,2.2031,3.3087
2.4063,4.3751,2.2094,3.3083
2.4059,4.3752,2.2158,3.308
2.4055,4.3753,2.2222,3.3077
2.405,4.3755,2.2286,3.3074
2.4046,4.3756,2.235,3.3071
2.4041,4.3758,2.2414,3.3068
2.4036,4.376,2.2479,3.3065
2.4032,4.3758,2.2539,3.3058
2.4029,4.3756,2.2599,3.3051
2.4025,4.3754,2.266,3.3045
2.4022,4.3752,2.2721,3.3038
2.402,4.375,2.2783,3.3032
2.4018,4.3749,2.2847,3.3026
2.4016,4.3748,2.2911,3.302
2.4015,4.3747,2.2977,3.3015
2.4015,4.3747,2.3044,3.301
2.4015,4.3747,2.3113,3.3005
2.4016,4.3747,2.3184,3.3001
2.4017,4.3747,2.3256,3.2998
2.4019,4.3748,2.333,3.2995
2.4021,4.3749,2.3406,3.2993
2.4024,4.3751,2.3484,3.2992
2.4027,4.3752,2.3565,3.2991
2.403,4.3754,2.3647,3.2991
2.4033,4.3756,2.3731,3.2991
2.4037,4.3758,2.3817,3.2993
2.404,4.376,2.3905,3.2994
2.404,4.3758,2.3998,3.2995
2.404,4.3756,2.4092,3.2995
2.404,4.3754,2.4187,3.2997
2.404,4.3753,2.4284,3.2999
2.404,4.3751,2.4382,3.3001
2.404,4.375,2.4481,3.3005
2.4039,4.3749,2.458,3.3009
2.4039,4.3748,2.468,3.3014
2.4039,4.3748,2.478,3.3019
2.4039,4.3748,2.488,3.3025
2.404,4.3748,2.498,3.3032
2.404,4.3748,2.5079,3.3039
2.404,4.3749,2.5177,3.3046
2.404,4.375,2.5274,3.3054
2.404,4.3751,2.537,3.3063
2.4041,4.3753,2.5464,3.3072
2.4041,4.3754,2.5556,3.3081
2.4041,4.3756,2.5646,3.309
2.4042,4.3758,2.5733,3.31
2.4042,4.376,2.5818,3.3109
2.4041,4.3758,2.5894,3.3115
2.404,4.3756,2.5967,3.3121
2.404,4.3754,2.6038,3.3127
2.4039,4.3753,2.6106,3.3133
2.4039,4.3751,2.6171,3.3139
2.4038,4.375,2.6233,3.3145
2.4038,4.3749,2.6292,3.3152
2.4038,4.3748,2.635,3.3158
2.4038,4.3748,2.6404,3.3164
2.4039,4.3748,2.6457,3.317
2.4039,4.3748,2.6507,3.3177
2.404,4.3748,2.6555,3.3183
2.4041,4.3749,2.6601,3.319
2.4042,4.375,2.6646,3.3196
2.4044,4.3751,2.6689,3.3203
2.4046,4.3753,2.673,3.3209
2.4048,4.3755,2.677,3.3216
2.4051,4.3756,2.6809,3.3223
2.4054,4.3758,2.6847,3.3229
2.4058,4.376,2.6884,3.3235
2.4058,4.3759,2.692,3.3239
2.4059,4.3757,2.6956,3.3242
2.4061,4.3755,2.6992,3.3245
2.4063,4.3753,2.7027,3.3249
2.4066,4.3752,2.7062,3.3252
2.407,4.3751,2.7097,3.3255
2.4075,4.375,2.7133,3.3259
2.408,4.375,2.7168,3.3263
2.4087,4.3749,2.7204,3.3266
2.4096,4.375,2.7241,3.3271
2.4105,4.375,2.7278,3.3275
2.4116,4.3751,2.7316,3.3279
2.4128,4.3752,2.7354,3.3284
2.4141,4.3753,2.7393,3.3289
2.4156,4.3755,2.7433,3.3294
2.4173,4.3757,2.7473,3.3299
2.419,4.3759,2.7514,3.3305
2.4209,4.3761,2.7556,3.331
2.4229,4.3764,2.7598,3.3316
2.4251,4.3766,2.764,3.3322
2.4273,4.3765,2.7682,3.3325
2.4296,4.3764,2.7723,3.3328
2.432,4.3763,2.7765,3.3331
2.4345,4.3762,2.7807,3.3335
2.4372,4.3761,2.7849,3.3338
2.4399,4.3761,2.7892,3.3342
2.4427,4.3761,2.7935,3.3346
2.4456,4.3761,2.7977,3.335
2.4485,4.3762,2.802,3.3354
2.4515,4.3762,2.8062,3.3359
2.4546,4.3763,2.8104,3.3363
2.4576,4.3765,2.8146,3.3368
2.4607,4.3766,2.8187,3.3373
2.4637,4.3768,2.8227,3.3378
2.4668,4.3771,2.8267,3.3383
2.4698,4.3773,2.8306,3.3389
2.4728,4.3775,2.8344,3.3394
2.4757,4.3778,2.8381,3.3399
2.4785,4.3781,2.8417,3.3404
2.4813,4.3784,2.8451,3.341
2.4836,4.3782,2.848,3.3411
2.4857,4.3781,2.8508,3.3413
2.4878,4.378,2.8535,3.3414
2.4897,4.3779,2.856,3.3416
2.4916,4.3778,2.8584,3.3418
2.4934,4.3778,2.8606,3.3419
2.4951,4.3777,2.8628,3.3421
2.4967,4.3777,2.8648,3.3422
2.4982,4.3777,2.8667,3.3424
2.4996,4.3777,2.8685,3.3426
2.501,4.3778,2.8702,3.3428
2.5023,4.3779,2.8717,3.3429
2.5035,4.378,2.8732,3.3431
2.5046,4.3781,2.8746,3.3433
2.5057,4.3783,2.8759,3.3436
2.5067,4.3784,2.8771,3.3438
2.5076,4.3786,2.8783,3.344
2.5085,4.3788,2.8794,3.3442
2.5094,4.379,2.8804,3.3444
2.5102,4.3793,2.8813,3.3447
2.5109,4.3791,2.8821,3.3446
2.5115,4.3789,2.8829,3.3445
2.5122,4.3788,2.8837,3.3444
2.5128,4.3786,2.8844,3.3443
2.5134,4.3785,2.885,3.3443
2.514,4.3784,2.8857,3.3442
2.5146,4.3783,2.8863,3.3442
2.5152,4.3783,2.8869,3.3442
2.5158,4.3782,2.8875,3.3442
2.5164,4.3782,2.8881,3.3442
2.5171,4.3783,2.8886,3.3442
2.5178,4.3783,2.8892,3.3443
2.5185,4.3784,2.8898,3.3443
2.5193,4.3786,2.8903,3.3444
2.5201,4.3787,2.8909,3.3445
2.5209,4.3789,2.8915,3.3447
2.5218,4.3791,2.8921,3.3448
2.5228,4.3793,2.8927,3.3449
2.5239,4.3795,2.8933,3.3451
2.525,4.3797,2.894,3.3453
2.5258,4.3795,2.8942,3.3451
2.5266,4.3794,2.8944,3.345
2.5276,4.3792,2.8947,3.3449
2.5287,4.3791,2.895,3.3447
2.5299,4.379,2.8953,3.3446
2.5314,4.3789,2.8958,3.3446
2.533,4.3789,2.8963,3.3445
2.5349,4.3789,2.8969,3.3445
2.537,4.3789,2.8976,3.3445
2.5393,4.3789,2.8984,3.3445
2.5419,4.379,2.8993,3.3446
2.5447,4.3792,2.9004,3.3447
2.5479,4.3793,2.9015,3.3448
2.5513,4.3795,2.9028,3.3449
2.5551,4.3798,2.9041,3.3451
2.5591,4.38,2.9057,3.3453
2.5635,4.3803,2.9073,3.3455
2.5681,4.3807,2.909,3.3457
2.5731,4.381,2.9109,3.3459
2.5784,4.3814,2.9128,3.3462
2.584,4.3813,2.9148,3.3461
2.59,4.3813,2.9169,3.3461
2.5962,4.3813,2.9191,3.3461
2.6027,4.3814,2.9214,3.3461
2.6096,4.3814,2.9237,3.3461
2.6167,4.3815,2.9261,3.3462
2.6241,4.3816,2.9286,3.3462
2.6317,4.3818,2.9311,3.3463
2.6396,4.382,2.9336,3.3464
2.6477,4.3822,2.9361,3.3466
2.6561,4.3824,2.9386,3.3467
2.6646,4.3827,2.9412,3.3469
2.6734,4.3831,2.9436,3.347
2.6823,4.3834,2.9461,3.3472
2.6913,4.3838,2.9485,3.3474
2.7005,4.3842,2.9508,3.3477
2.7098,4.3846,2.953,3.3479
2.7192,4.385,2.9551,3.3481
2.7286,4.3855,2.9571,3.3484
2.7382,4.3859,2.959,3.3486
2.7472,4.3859,2.9603,3.3485
2.7564,4.386,2.9614,3.3484
2.7655,4.386,2.9624,3.3483
2.7747,4.3861,2.9633,3.3482
2.7839,4.3862,2.964,3.3481
2.7931,4.3863,2.9647,3.3481
2.8023,4.3864,2.9652,3.348
2.8115,4.3865,2.9656,3.348
2.8208,4.3867,2.966,3.3479
2.83,4.3869,2.9662,3.3479
2.8393,4.3871,2.9664,3.3479
2.8485,4.3873,2.9665,3.348
2.8578,4.3876,2.9665,3.348
2.8671,4.3878,2.9665,3.3481
2.8764,4.3881,2.9665,3.3481
2.8857,4.3885,2.9664,3.3482
2.895,4.3888,2.9663,3.3483
2.9043,4.3891,2.9662,3.3484
2.9136,4.3895,2.966,3.3486
2.9229,4.3898,2.9659,3.3487
2.932,4.3898,2.9658,3.3485
2.9411,4.3897,2.9658,3.3483
2.9503,4.3896,2.9658,3.3481
2.9595,4.3896,2.9658,3.348
2.9687,4.3896,2.9658,3.3478
2.9779,4.3896,2.9658,3.3477
2.9871,4.3896,2.9659,3.3476
2.9964,4.3896,2.966,3.3476
3.0057,4.3897,2.9661,3.3475
3.015,4.3898,2.9663,3.3475
3.0244,4.3899,2.9666,3.3475
3.0338,4.39,2.9668,3.3476
3.0432,4.3902,2.9672,3.3476
3.0526,4.3903,2.9675,3.3477
3.062,4.3905,2.968,3.3478
3.0715,4.3907,2.9685,3.3479
3.081,4.391,2.9691,3.3481
3.0904,4.3912,2.9697,3.3482
3.0999,4.3914,2.9704,3.3484
3.1093,4.3917,2.9712,3.3486
3.1183,4.3915,2.9713,3.3485
3.1273,4.3914,2.9714,3.3484
3.1362,4.3913,2.9717,3.3483
3.1452,4.3912,2.9722,3.3482
3.1541,4.391,2.9728,3.3482
3.163,4.391,2.9736,3.348
3.1718,4.3909,2.9747,3.3479
3.1807,4.3908,2.9761,3.3478
3.1895,4.3908,2.9777,3.3476
3.1982,4.3908,2.9796,3.3474
3.207,4.3908,2.9819,3.3472
3.2156,4.3909,2.9845,3.347
3.2242,4.3909,2.9874,3.3467
3.2328,4.391,2.9906,3.3464
3.2412,4.3911,2.9942,3.346
3.2496,4.3913,2.9982,3.3457
3.2579,4.3914,3.0025,3.3452
3.266,4.3915,3.0072,3.3447
3.2741,4.3917,3.0122,3.3442
3.2819,4.3919,3.0176,3.3436
3.2898,4.3917,3.0237,3.3426
3.2975,4.3916,3.0302,3.3415
3.305,4.3914,3.0369,3.3403
3.3123,4.3913,3.0438,3.3392
3.3194,4.3911,3.0509,3.338
3.3262,4.391,3.0581,3.3368
3.3328,4.3909,3.0655,3.3356
3.3391,4.3909,3.0729,3.3344
3.3451,4.3908,3.0803,3.3332
3.3508,4.3908,3.0877,3.332
3.3562,4.3908,3.0951,3.3309
3.3613,4.3908,3.1023,3.3297
3.3661,4.3909,3.1094,3.3287
3.3705,4.3909,3.1162,3.3277
3.3747,4.391,3.1228,3.3267
3.3785,4.3911,3.1292,3.3258
3.382,4.3912,3.1352,3.3249
3.3852,4.3913,3.1408,3.3242
3.3881,4.3915,3.1461,3.3234
3.3907,4.3916,3.1509,3.3228
3.3919,4.3912,3.1543,3.3219
3.3929,4.3908,3.1573,3.3212
3.3937,4.3904,3.1598,3.3205
3.3943,4.39,3.1619,3.3198
3.3949,4.3897,3.1636,3.3193
3.3955,4.3894,3.1649,3.3189
3.3961,4.3892,3.1659,3.3185
3.3968,4.389,3.1665,3.3183
3.3977,4.3889,3.1667,3.3181
3.3987,4.3889,3.1667,3.3181
3.4,4.3889,3.1664,3.3181
3.4015,4.389,3.1658,3.3182
3.4034,4.3891,3.1651,3.3184
3.4057,4.3894,3.1642,3.3186
3.4084,4.3896,3.1631,3.3189
3.4115,4.39,3.162,3.3193
3.4152,4.3903,3.1608,3.3197
3.4193,4.3907,3.1595,3.3201
3.424,4.3911,3.1583,3.3205
3.4292,4.3915,3.1571,3.321
3.4358,4.3919,3.1561,3.3213
3.4428,4.3924,3.1551,3.3216
3.4505,4.3927,3.1543,3.3218
3.4586,4.393,3.1536,3.322
3.4672,4.3932,3.1531,3.3222
3.4763,4.3933,3.1528,3.3223
3.4858,4.3933,3.1527,3.3223
3.4956,4.3931,3.1529,3.3223
3.5059,4.3928,3.1532,3.3222
3.5164,4.3922,3.1539,3.3219
3.5272,4.3914,3.1548,3.3216
3.5381,4.3904,3.1559,3.3212
3.5493,4.3892,3.1573,3.3206
3.5605,4.3877,3.159,3.3199
3.5718,4.3858,3.161,3.319
3.583,4.3837,3.1632,3.318
3.5943,4.3812,3.1656,3.3169
3.6054,4.3784,3.1683,3.3156
3.6164,4.3752,3.1712,3.3142
3.6272,4.3716,3.1743,3.3126
3.6365,4.3668,3.1774,3.3102
3.6455,4.3616,3.1807,3.3077
3.6544,4.3561,3.1841,3.305
3.6629,4.3503,3.1876,3.3023
3.6712,4.3441,3.1913,3.2995
3.6792,4.3377,3.1951,3.2966
3.687,4.331,3.1989,3.2937
3.6945,4.3241,3.2028,3.2907
3.7017,4.317,3.2067,3.2877
3.7088,4.3097,3.2106,3.2848
3.7156,4.3023,3.2145,3.2819
3.7221,4.2947,3.2183,3.2791
3.7285,4.287,3.222,3.2763
3.7347,4.2792,3.2257,3.2736
3.7408,4.2714,3.2292,3.271
3.7467,4.2636,3.2326,3.2686
3.7524,4.2558,3.2358,3.2663
3.7581,4.2479,3.2389,3.2641
3.7637,4.2401,3.2417,3.2621
3.7692,4.2324,3.2443,3.2603
3.7748,4.2249,3.2461,3.2587
3.7804,4.2174,3.2476,3.2573
3.786,4.21,3.2488,3.2561
3.7915,4.2027,3.2499,3.2551
3.7971,4.1956,3.2508,3.2542
3.8027,4.1885,3.2515,3.2535
3.8083,4.1815,3.252,3.253
3.8139,4.1746,3.2523,3.2527
3.8196,4.1679,3.2525,3.2524
3.8254,4.1612,3.2526,3.2524
3.8311,4.1546,3.2526,3.2524
3.837,4.1481,3.2524,3.2525
3.8428,4.1417,3.2522,3.2528
3.8488,4.1353,3.2519,3.2531
3.8548,4.1289,3.2516,3.2535
3.8608,4.1226,3.2512,3.254
3.8669,4.1163,3.2508,3.2545
3.8731,4.1101,3.2504,3.255
3.8793,4.1038,3.2501,3.2555
3.8855,4.0975,3.2497,3.256
3.8913,4.0904,3.2495,3.2558
3.8971,4.0834,3.2494,3.2556
3.9029,4.0762,3.2493,3.2554
3.9088,4.0691,3.2493,3.2551
3.9148,4.0619,3.2493,3.2548
3.9207,4.0547,3.2495,3.2545
3.9268,4.0475,3.2496,3.2542
3.9328,4.0403,3.2499,3.2539
3.939,4.033,3.2502,3.2535
3.9451,4.0257,3.2506,3.2532
3.9513,4.0184,3.251,3.2528
3.9576,4.0111,3.2515,3.2524
3.9638,4.0038,3.252,3.2521
3.9701,3.9965,3.2526,3.2517
3.9765,3.9892,3.2533,3.2513
3.9828,3.9818,3.2539,3.251
3.9892,3.9745,3.2546,3.2506
3.9956,3.9672,3.2553,3.2503
4.002,3.9598,3.256,3.25
4.0084,3.9525,3.2568,3.2496
4.0145,3.9449,3.2569,3.2493
4.0205,3.9373,3.2571,3.2489
4.0266,3.9297,3.2572,3.2485
4.0327,3.9221,3.2573,3.2482
4.0387,3.9145,3.2575,3.2479
4.0448,3.907,3.2577,3.2475
4.0508,3.8995,3.2579,3.2472
4.0569,3.892,3.2581,3.2469
4.063,3.8845,3.2584,3.2466
4.0691,3.8771,3.2586,3.2463
4.0752,3.8697,3.259,3.246
4.0814,3.8624,3.2593,3.2457
4.0875,3.855,3.2597,3.2454
4.0936,3.8477,3.2602,3.2451
4.0998,3.8405,3.2607,3.2447
4.1059,3.8332,3.2613,3.2443
4.1121,3.826,3.2619,3.2439
4.1182,3.8188,3.2626,3.2434
4.1244,3.8116,3.2633,3.2429
4.1305,3.8044,3.2641,3.2423
4.1362,3.797,3.2648,3.2413
4.142,3.7895,3.2655,3.2402
4.1477,3.7821,3.2662,3.2391
4.1534,3.7747,3.2671,3.2379
4.1592,3.7673,3.268,3.2367
4.1649,3.7599,3.2689,3.2354
4.1707,3.7525,3.27,3.2341
4.1765,3.7452,3.2711,3.2327
4.1824,3.7378,3.2723,3.2314
4.1883,3.7305,3.2735,3.23
4.1942,3.7231,3.2748,3.2286
4.2001,3.7158,3.2761,3.2271
4.2061,3.7085,3.2775,3.2257
4.212,3.7012,3.279,3.2242
4.218,3.694,3.2805,3.2228
4.2241,3.6867,3.282,3.2213
4.2301,3.6795,3.2835,3.2198
4.2361,3.6723,3.2851,3.2184
4.2421,3.6652,3.2867,3.2169
4.2481,3.658,3.2883,3.2154
4.2539,3.6503,3.2896,3.2137
4.2597,3.6427,3.2909,3.2119
4.2654,3.6351,3.2922,3.2102
4.2711,3.6276,3.2935,3.2086
4.2767,3.6202,3.2948,3.2069
4.2822,3.613,3.296,3.2053
4.2876,3.6059,3.2973,3.2038
4.293,3.599,3.2985,3.2023
4.2982,3.5923,3.2998,3.2009
4.3034,3.5857,3.301,3.1995
4.3084,3.5794,3.3022,3.1983
4.3132,3.5734,3.3033,3.197
4.3179,3.5676,3.3045,3.1959
4.3225,3.562,3.3056,3.1949
4.3269,3.5567,3.3067,3.1939
4.331,3.5517,3.3077,3.193
4.335,3.547,3.3087,3.1921
4.3388,3.5425,3.3097,3.1914
4.3424,3.5384,3.3106,3.1907
4.3458,3.5346,3.3114,3.1901
4.3482,3.531,3.3118,3.1893
4.3505,3.5277,3.3122,3.1886
4.3526,3.5247,3.3126,3.188
4.3544,3.522,3.3129,3.1874
4.3561,3.5196,3.3131,3.1869
4.3576,3.5174,3.3134,3.1864
4.3589,3.5155,3.3137,3.1859
4.3601,3.5138,3.3139,3.1856
4.3612,3.5124,3.3141,3.1852
4.3622,3.5112,3.3144,3.1849
4.363,3.5101,3.3146,3.1846
4.3638,3.5093,3.3149,3.1844
4.3644,3.5086,3.3152,3.1842
4.365,3.508,3.3155,3.184
4.3656,3.5076,3.3158,3.1837
4.3661,3.5072,3.3162,3.1835
4.3666,3.507,3.3166,3.1833
4.367,3.5068,3.317,3.1831
4.3675,3.5066,3.3174,3.1829
4.3679,3.5065,3.3179,3.1826
4.3682,3.5057,3.3182,3.1819
4.3685,3.5049,3.3185,3.1812
4.3688,3.5041,3.3188,3.1804
4.3692,3.5033,3.3192,3.1796
4.3696,3.5025,3.3196,3.1789
4.37,3.5017,3.3201,3.1781
4.3704,3.5009,3.3206,3.1773
4.3709,3.5002,3.3211,3.1765
4.3714,3.4994,3.3216,3.1758
4.372,3.4987,3.3222,3.1751
4.3726,3.498,3.3228,3.1744
4.3732,3.4973,3.3234,3.1737
4.3739,3.4966,3.324,3.173
4.3745,3.4959,3.3246,3.1724
4.3752,3.4953,3.3252,3.1718
4.3759,3.4947,3.3259,3.1713
4.3767,3.4941,3.3265,3.1708
4.3774,3.4936,3.3272,3.1703
4.3781,3.4931,3.3278,3.1698
4.3788,3.4926,3.3284,3.1694
4.3789,3.492,3.3285,3.1689
4.379,3.4915,3.3287,3.1684
4.3792,3.491,3.3288,3.168
4.3793,3.4905,3.3289,3.1676
4.3794,3.49,3.329,3.1672
4.3795,3.4896,3.3292,3.1668
4.3797,3.4892,3.3293,3.1664
4.3799,3.4888,3.3295,3.1661
4.3801,3.4884,3.3297,3.1657
4.3804,3.4881,3.33,3.1653
4.3807,3.4877,3.3303,3.165
4.381,3.4874,3.3306,3.1646
4.3814,3.487,3.331,3.1642
4.3818,3.4867,3.3314,3.1637
4.3823,3.4863,3.3319,3.1632
4.3829,3.4859,3.3325,3.1627
4.3835,3.4854,3.3331,3.1621
4.3842,3.4849,3.3338,3.1614
4.385,3.4844,3.3346,3.1607
4.3858,3.4838,3.3354,3.1598
4.3863,3.4827,3.3361,3.1585
4.3869,3.4815,3.3368,3.1571
4.3876,3.4803,3.3376,3.1556
4.3883,3.479,3.3385,3.1539
4.3891,3.4776,3.3395,3.1522
4.3901,3.4762,3.3406,3.1504
4.3911,3.4748,3.3418,3.1485
4.3921,3.4732,3.343,3.1465
4.3933,3.4717,3.3444,3.1445
4.3946,3.47,3.3458,3.1423
4.3959,3.4684,3.3473,3.14
4.3973,3.4666,3.3489,3.1377
4.3988,3.4649,3.3506,3.1353
4.4004,3.4631,3.3524,3.1328
4.4021,3.4612,3.3542,3.1302
4.4038,3.4594,3.3562,3.1275
4.4055,3.4575,3.3581,3.1248
4.4074,3.4555,3.3602,3.122
4.4092,3.4536,3.3623,3.1191
4.4111,3.4516,3.3644,3.1161
4.4127,3.4492,3.3662,3.1129
4.4142,3.4468,3.368,3.1096
4.4158,3.4444,3.3699,3.1063
4.4174,3.442,3.3718,3.1029
4.4191,3.4397,3.3738,3.0994
4.4207,3.4373,3.3758,3.0959
4.4223,3.435,3.3778,3.0924
4.424,3.4328,3.3799,3.0889
4.4256,3.4306,3.382,3.0853
4.4273,3.4285,3.3842,3.0817
4.4289,3.4265,3.3864,3.0781
4.4305,3.4245,3.3886,3.0744
4.4321,3.4226,3.3908,3.0708
4.4337,3.4208,3.3931,3.0671
4.4352,3.4191,3.3954,3.0635
4.4367,3.4175,3.3977,3.0598
4.4382,3.416,3.4,3.0561
4.4396,3.4147,3.4023,3.0524
4.4409,3.4134,3.4046,3.0488
4.4422,3.4122,3.4069,3.0451
4.4429,3.4109,3.4089,3.0411
4.4435,3.4097,3.4109,3.0371
4.444,3.4086,3.4129,3.0331
4.4445,3.4076,3.4149,3.0291
4.445,3.4068,3.4169,3.0252
4.4454,3.406,3.4189,3.0212
4.4458,3.4053,3.4209,3.0173
4.4462,3.4046,3.4229,3.0134
4.4465,3.4041,3.425,3.0096
4.4469,3.4036,3.427,3.0057
4.4472,3.4032,3.429,3.0019
4.4475,3.4029,3.431,2.9982
4.4479,3.4027,3.4331,2.9945
4.4482,3.4024,3.4351,2.9908
4.4485,3.4023,3.4371,2.9871
4.4489,3.4021,3.4392,2.9834
4.4492,3.402,3.4412,2.9798
4.4496,3.4019,3.4433,2.9762
4.45,3.4018,3.4453,2.9726
4.4504,3.4017,3.4474,2.969
4.4505,3.4012,3.449,2.9652
4.4507,3.4006,3.4507,2.9615
4.4508,3.4,3.4524,2.9577
4.451,3.3994,3.4541,2.9539
4.4512,3.3989,3.4558,2.9501
4.4514,3.3984,3.4575,2.9463
4.4516,3.3979,3.4593,2.9424
4.4519,3.3974,3.4611,2.9386
4.4521,3.397,3.4629,2.9347
4.4524,3.3966,3.4648,2.9308
4.4527,3.3962,3.4667,2.9268
4.4531,3.3959,3.4687,2.9228
4.4534,3.3956,3.4707,2.9187
4.4537,3.3954,3.4728,2.9145
4.4541,3.3952,3.4749,2.9103
4.4544,3.3951,3.477,2.906
4.4547,3.395,3.4792,2.9016
4.455,3.395,3.4815,2.8971
4.4553,3.395,3.4838,2.8926
4.4556,3.3951,3.4862,2.8879
4.4553,3.395,3.4883,2.8828
4.4551,3.395,3.4904,2.8776
4.4548,3.395,3.4926,2.8722
4.4545,3.3951,3.4949,2.8668
4.4542,3.3952,3.4972,2.8613
4.4539,3.3952,3.4996,2.8556
4.4537,3.3953,3.502,2.8498
4.4535,3.3954,3.5045,2.844
4.4534,3.3955,3.5071,2.838
4.4533,3.3956,3.5097,2.832
4.4533,3.3956,3.5125,2.8258
4.4533,3.3956,3.5152,2.8196
4.4535,3.3956,3.5181,2.8133
4.4537,3.3955,3.521,2.8069
4.454,3.3953,3.524,2.8004
4.4545,3.3951,3.527,2.7938
4.455,3.3948,3.5301,2.7871
4.4556,3.3943,3.5332,2.7803
4.4563,3.3938,3.5364,2.7735
4.4572,3.3931,3.5396,2.7666
4.4578,3.3919,3.5425,2.7594
4.4585,3.3906,3.5454,2.7521
4.4593,3.3891,3.5484,2.7448
4.4602,3.3876,3.5514,2.7374
4.4614,3.3858,3.5544,2.7299
4.4626,3.3839,3.5575,2.7224
4.464,3.3819,3.5606,2.7148
4.4656,3.3798,3.5638,2.7072
4.4674,3.3775,3.5671,2.6995
4.4693,3.375,3.5704,2.6918
4.4713,3.3725,3.5737,2.6841
4.4735,3.3698,3.5771,2.6763
4.4759,3.3669,3.5806,2.6685
4.4784,3.364,3.5841,2.6606
4.4811,3.3609,3.5876,2.6527
4.484,3.3577,3.5912,2.6448
4.4869,3.3543,3.5949,2.6368
4.49,3.3509,3.5986,2.6288
4.4932,3.3474,3.6023,2.6208
4.4966,3.3437,3.6061,2.6127
4.4996,3.3396,3.6095,2.6043
4.5027,3.3354,3.6131,2.5959
4.5059,3.3312,3.6166,2.5875
4.5092,3.3269,3.6202,2.579
4.5126,3.3225,3.6239,2.5706
4.5161,3.3181,3.6276,2.5621
4.5197,3.3137,3.6313,2.5536
4.5233,3.3093,3.6352,2.5451
4.527,3.3049,3.639,2.5365
4.5307,3.3005,3.6429,2.528
4.5345,3.2961,3.6469,2.5195
4.5383,3.2917,3.651,2.511
4.5422,3.2874,3.6551,2.5025
4.5461,3.2831,3.6592,2.494
4.55,3.2789,3.6635,2.4854
4.5539,3.2748,3.6678,2.477
4.5577,3.2707,3.6721,2.4685
4.5616,3.2667,3.6765,2.46
4.5654,3.2628,3.681,2.4516
4.5693,3.259,3.6856,2.4431
4.5725,3.255,3.6898,2.4345
4.5757,3.2511,3.694,2.4258
4.5789,3.2473,3.6984,2.4172
4.5821,3.2437,3.7028,2.4087
4.5852,3.2401,3.7073,2.4001
4.5882,3.2366,3.7119,2.3917
4.5913,3.2332,3.7167,2.3833
4.5943,3.23,3.7215,2.375
4.5973,3.2268,3.7265,2.3667
4.6003,3.2238,3.7316,2.3585
4.6033,3.2208,3.7368,2.3504
4.6063,3.2179,3.7422,2.3424
4.6092,3.2152,3.7477,2.3345
4.6122,3.2125,3.7533,2.3267
4.6151,3.2099,3.7591,2.319
4.618,3.2073,3.765,2.3115
4.621,3.2049,3.7711,2.304
4.6239,3.2024,3.7773,2.2966
4.6268,3.2001,3.7837,2.2894
4.6297,3.1978,3.7902,2.2823
4.6323,3.1951,3.7965,2.275
4.6348,3.1925,3.803,2.2679
4.6373,3.1899,3.8096,2.2609
4.6399,3.1873,3.8163,2.2541
4.6425,3.1848,3.8232,2.2474
4.6451,3.1823,3.8302,2.2409
4.6478,3.1798,3.8374,2.2345
4.6505,3.1774,3.8448,2.2283
4.6533,3.175,3.8523,2.2223
4.6561,3.1726,3.8599,2.2164
4.659,3.1703,3.8677,2.2107
4.6619,3.1679,3.8756,2.2052
4.6649,3.1656,3.8837,2.1998
4.6679,3.1634,3.8918,2.1946
4.671,3.1611,3.9001,2.1896
4.6742,3.1588,3.9085,2.1848
4.6774,3.1566,3.917,2.1801
4.6806,3.1544,3.9255,2.1755
4.6839,3.1522,3.9342,2.1712
4.6872,3.1499,3.9429,2.1669
4.6902,3.1474,3.9513,2.1627
4.6932,3.145,3.9598,2.1585
4.6962,3.1425,3.9683,2.1546
4.6993,3.14,3.9768,2.1507
4.7024,3.1376,3.9854,2.147
4.7055,3.1351,3.9939,2.1434
4.7087,3.1327,4.0025,2.14
4.712,3.1304,4.0111,2.1366
4.7153,3.128,4.0196,2.1334
4.7186,3.1257,4.0281,2.1303
4.722,3.1234,4.0366,2.1273
4.7254,3.1212,4.0451,2.1244
4.7288,3.119,4.0535,2.1216
4.7323,3.1168,4.0618,2.1189
4.7357,3.1147,4.0701,2.1163
4.7393,3.1126,4.0783,2.1137
4.7428,3.1105,4.0864,2.1112
4.7463,3.1085,4.0944,2.1087
4.7498,3.1065,4.1024,2.1063
4.7533,3.1045,4.1102,2.1039
4.7563,3.1023,4.1173,2.1013
4.7592,3.1002,4.1243,2.0988
4.7621,3.0981,4.1312,2.0962
4.765,3.096,4.138,2.0937
4.768,3.0939,4.1447,2.0913
4.7709,3.0919,4.1514,2.0888
4.7739,3.09,4.1579,2.0864
4.7769,3.088,4.1644,2.084
4.78,3.0861,4.1708,2.0816
4.783,3.0843,4.1772,2.0793
4.7861,3.0824,4.1835,2.077
4.7892,3.0807,4.1898,2.0747
4.7924,3.0789,4.1961,2.0724
4.7956,3.0772,4.2023,2.0702
4.7988,3.0755,4.2084,2.068
4.802,3.0738,4.2145,2.0658
4.8053,3.0722,4.2206,2.0636
4.8085,3.0706,4.2267,2.0615
4.8118,3.069,4.2327,2.0594
4.8151,3.0674,4.2387,2.0573
4.8181,3.0655,4.2445,2.055
4.8211,3.0635,4.2503,2.0527
4.8241,3.0616,4.2561,2.0505
4.8271,3.0598,4.2618,2.0483
4.8301,3.058,4.2674,2.0462
4.833,3.0562,4.2729,2.0441
4.8358,3.0545,4.2784,2.0421
4.8386,3.0529,4.2837,2.0402
4.8414,3.0514,4.289,2.0383
4.8441,3.0499,4.2941,2.0365
4.8467,3.0485,4.2991,2.0348
4.8492,3.0472,4.304,2.0332
4.8516,3.046,4.3087,2.0316
4.8539,3.0449,4.3132,2.0302
4.8561,3.0439,4.3176,2.0288
4.8582,3.043,4.3218,2.0275
4.8601,3.0421,4.3258,2.0263
4.8619,3.0414,4.3296,2.0252
4.8636,3.0408,4.3332,2.0241
4.8651,3.0402,4.3367,2.0232
4.8658,3.0396,4.3391,2.0222
4.8663,3.0391,4.3414,2.0213
4.8667,3.0386,4.3434,2.0204
4.867,3.0383,4.3454,2.0196
4.8672,3.038,4.3471,2.0189
4.8673,3.0377,4.3488,2.0182
4.8673,3.0376,4.3503,2.0176
4.8673,3.0375,4.3518,2.0171
4.8673,3.0374,4.3532,2.0166
4.8673,3.0374,4.3546,2.0161
4.8672,3.0375,4.3559,2.0157
4.8672,3.0375,4.3572,2.0153
4.8672,3.0376,4.3586,2.0149
4.8673,3.0377,4.3599,2.0145
4.8674,3.0379,4.3614,2.0142
4.8676,3.038,4.3629,2.0138
4.8679,3.0381,4.3644,2.0134
4.8682,3.0381,4.3661,2.013
4.8687,3.0382,4.3679,2.0126
4.8693,3.0381,4.3698,2.0122
4.8698,3.0377,4.3717,2.0114
4.8704,3.0372,4.3737,2.0106
4.8711,3.0366,4.3759,2.0097
4.872,3.036,4.3783,2.0088
4.873,3.0353,4.3808,2.0079
4.8742,3.0346,4.3835,2.0069
4.8755,3.0339,4.3863,2.0059
4.877,3.0331,4.3893,2.0049
4.8786,3.0323,4.3924,2.0039
4.8804,3.0314,4.3957,2.0028
4.8823,3.0305,4.3992,2.0017
4.8843,3.0296,4.4028,2.0006
4.8865,3.0287,4.4065,1.9995
4.8889,3.0277,4.4104,1.9983
4.8913,3.0267,4.4144,1.9971
4.8939,3.0257,4.4184,1.9959
4.8965,3.0247,4.4226,1.9947
4.8993,3.0236,4.4269,1.9935
4.9021,3.0226,4.4312,1.9923
4.905,3.0215,4.4356,1.9911
4.9073,3.0202,4.4395,1.9897
4.9098,3.0188,4.4434,1.9883
4.9122,3.0175,4.4473,1.9869
4.9148,3.0161,4.4513,1.9856
4.9174,3.0148,4.4553,1.9842
4.92,3.0135,4.4593,1.9829
4.9227,3.0121,4.4634,1.9815
4.9255,3.0108,4.4675,1.9802
4.9283,3.0095,4.4716,1.9789
4.9312,3.0082,4.4757,1.9776
4.9342,3.007,4.4799,1.9763
4.9372,3.0057,4.484,1.9751
4.9402,3.0045,4.4882,1.9739
4.9433,3.0032,4.4924,1.9727
4.9465,3.002,4.4966,1.9715
4.9496,3.0008,4.5007,1.9703
4.9529,2.9996,4.5049,1.9691
4.9561,2.9984,4.5091,1.968
4.9594,2.9972,4.5134,1.9669
4.9628,2.996,4.5176,1.9657
4.9656,2.9946,4.5213,1.9644
4.9685,2.9931,4.525,1.9632
4.9714,2.9917,4.5288,1.9619
4.9743,2.9902,4.5326,1.9606
4.9773,2.9888,4.5364,1.9593
4.9804,2.9873,4.5403,1.9581
4.9835,2.9859,4.5442,1.9568
4.9866,2.9845,4.5482,1.9556
4.9899,2.9831,4.5522,1.9543
4.9932,2.9816,4.5564,1.9531
4.9965,2.9802,4.5606,1.9518
5,2.9789,4.5649,1.9505
5.0035,2.9775,4.5693,1.9493
5.007,2.9761,4.5738,1.948
5.0106,2.9747,4.5784,1.9467
5.0143,2.9734,4.5831,1.9454
5.018,2.972,4.5879,1.9441
5.0218,2.9707,4.5929,1.9428
5.0256,2.9693,4.5979,1.9415
5.0294,2.968,4.603,1.9401
5.0329,2.9663,4.608,1.9385
5.0365,2.9646,4.613,1.9368
5.04,2.9629,4.6181,1.9352
5.0436,2.9612,4.6233,1.9335
5.0471,2.9596,4.6287,1.9318
5.0507,2.958,4.6341,1.9301
5.0541,2.9565,4.6396,1.9284
5.0576,2.955,4.6452,1.9267
5.061,2.9535,4.6509,1.925
5.0643,2.9522,4.6567,1.9233
5.0676,2.9508,4.6625,1.9216
5.0707,2.9496,4.6684,1.9199
5.0738,2.9484,4.6744,1.9182
5.0768,2.9473,4.6804,1.9165
5.0796,2.9463,4.6865,1.9148
5.0824,2.9453,4.6925,1.9132
5.085,2.9445,4.6986,1.9115
5.0875,2.9437,4.7047,1.9099
5.0898,2.9429,4.7108,1.9082
5.092,2.9423,4.7168,1.9066
5.0932,2.9415,4.7223,1.9049
5.0943,2.9409,4.7277,1.9031
5.0953,2.9403,4.7331,1.9014
5.0961,2.9397,4.7385,1.8997
5.0969,2.9393,4.7439,1.8981
5.0975,2.9389,4.7492,1.8964
5.0981,2.9385,4.7546,1.8948
5.0986,2.9382,4.7599,1.8932
5.099,2.938,4.7653,1.8916
5.0994,2.9378,4.7706,1.89
5.0998,2.9377,4.776,1.8885
5.1002,2.9376,4.7813,1.8869
5.1006,2.9375,4.7867,1.8854
5.101,2.9374,4.7921,1.8839
5.1015,2.9374,4.7974,1.8825
5.102,2.9373,4.8028,1.881
5.1026,2.9373,4.8083,1.8796
5.1032,2.9372,4.8137,1.8781
5.1039,2.9372,4.8191,1.8767
5.1047,2.9371,4.8245,1.8753
5.1053,2.9366,4.8296,1.8737
5.1061,2.936,4.8347,1.872
5.1069,2.9355,4.8398,1.8704
5.1079,2.9349,4.845,1.8688
5.109,2.9343,4.8501,1.8672
5.1102,2.9336,4.8553,1.8656
5.1116,2.933,4.8606,1.864
5.113,2.9323,4.8658,1.8624
5.1147,2.9316,4.8712,1.8609
5.1164,2.9309,4.8765,1.8593
5.1183,2.9301,4.8819,1.8578
5.1203,2.9293,4.8873,1.8562
5.1224,2.9286,4.8928,1.8547
5.1246,2.9278,4.8983,1.8532
5.1269,2.927,4.9039,1.8517
5.1294,2.9261,4.9095,1.8502
5.1319,2.9253,4.9151,1.8487
5.1345,2.9244,4.9207,1.8472
5.1371,2.9236,4.9264,1.8457
5.1398,2.9227,4.9321,1.8442
5.142,2.9216,4.9372,1.8426
5.1441,2.9205,4.9423,1.8409
5.1463,2.9194,4.9475,1.8393
5.1486,2.9183,4.9527,1.8377
5.1509,2.9172,4.9579,1.8361
5.1533,2.916,4.9631,1.8345
5.1557,2.9149,4.9684,1.8329
5.1582,2.9138,4.9738,1.8313
5.1608,2.9127,4.9791,1.8297
5.1634,2.9116,4.9846,1.8282
5.1661,2.9106,4.99,1.8266
5.1688,2.9095,4.9956,1.8251
5.1716,2.9084,5.0011,1.8235
5.1745,2.9074,5.0067,1.822
5.1774,2.9063,5.0124,1.8205
5.1803,2.9053,5.0181,1.819
5.1833,2.9042,5.0238,1.8174
5.1864,2.9032,5.0296,1.8159
5.1895,2.9022,5.0354,1.8144
5.1926,2.9011,5.0412,1.8129
5.1955,2.8997,5.0469,1.8112
5.1984,2.8983,5.0525,1.8094
5.2013,2.8969,5.0582,1.8077
5.2043,2.8955,5.0639,1.806
5.2073,2.8941,5.0696,1.8043
5.2103,2.8927,5.0753,1.8026
5.2134,2.8913,5.081,1.8009
5.2165,2.89,5.0867,1.7992
5.2196,2.8886,5.0924,1.7976
5.2228,2.8873,5.0981,1.796
5.226,2.886,5.1038,1.7944
5.2293,2.8848,5.1095,1.7928
5.2326,2.8835,5.1152,1.7913
5.2359,2.8823,5.1208,1.7898
5.2392,2.881,5.1264,1.7883
5.2425,2.8798,5.1321,1.7869
5.2459,2.8786,5.1377,1.7854
5.2493,2.8775,5.1433,1.784
5.2528,2.8763,5.1488,1.7826
5.2562,2.8751,5.1544,1.7812
5.2589,2.8738,5.1588,1.7798
5.2615,2.8725,5.1633,1.7784
5.2643,2.8711,5.1678,1.777
5.2671,2.8698,5.1724,1.7756
5.27,2.8684,5.177,1.7742
5.273,2.8671,5.1819,1.7728
5.2761,2.8657,5.1868,1.7714
5.2793,2.8643,5.192,1.7699
5.2827,2.8629,5.1974,1.7684
5.2862,2.8614,5.203,1.7669
5.2899,2.8599,5.2089,1.7653
5.2938,2.8584,5.215,1.7637
5.2979,2.8568,5.2214,1.762
5.3021,2.8552,5.2282,1.7603
5.3065,2.8535,5.2352,1.7585
5.3111,2.8518,5.2425,1.7566
5.3159,2.85,5.2502,1.7547
5.3208,2.8482,5.2581,1.7527
5.3259,2.8463,5.2664,1.7507
5.3312,2.8444,5.2749,1.7486
5.3366,2.842,5.2842,1.746
5.3422,2.8395,5.2938,1.7434
5.3478,2.8369,5.3036,1.7407
5.3536,2.8344,5.3135,1.738
5.3594,2.8318,5.3236,1.7352
5.3653,2.8293,5.3338,1.7325
5.3711,2.8268,5.344,1.7298
5.377,2.8243,5.3542,1.7271
5.3829,2.8218,5.3643,1.7244
5.3887,2.8195,5.3743,1.7218
5.3944,2.8171,5.3842,1.7193
5.4,2.8149,5.3938,1.7168
5.4054,2.8127,5.4032,1.7145
5.4107,2.8107,5.4124,1.7122
5.4158,2.8087,5.4211,1.71
5.4207,2.8069,5.4295,1.708
5.4253,2.8052,5.4375,1.7061
5.4297,2.8036,5.445,1.7043
5.4338,2.8021,5.4521,1.7026
5.4376,2.8008,5.4586,1.7011
5.44,2.7996,5.4629,1.6999
5.4421,2.7985,5.4667,1.6988
5.4439,2.7976,5.4701,1.6979
5.4455,2.7968,5.4729,1.6971
5.4468,2.7961,5.4754,1.6965
5.4479,2.7955,5.4774,1.6959
5.4487,2.795,5.4792,1.6955
5.4494,2.7947,5.4806,1.6952
5.4499,2.7944,5.4817,1.6951
5.4503,2.7942,5.4827,1.695
5.4506,2.7941,5.4835,1.695
5.4508,2.7941,5.4842,1.695
5.4509,2.7941,5.4848,1.6952
5.451,2.7942,5.4854,1.6953
5.4511,2.7943,5.4861,1.6956
5.4511,2.7944,5.4868,1.6958
5.4513,2.7946,5.4876,1.6961
5.4514,2.7947,5.4886,1.6963
5.4517,2.7948,5.4898,1.6965
5.452,2.7949,5.4912,1.6968
5.4525,2.7945,5.4934,1.6965
5.453,2.7941,5.4959,1.6963
5.4537,2.7936,5.4987,1.696
5.4546,2.793,5.5017,1.6956
5.4555,2.7925,5.5051,1.6953
5.4566,2.7919,5.5087,1.6949
5.4579,2.7913,5.5127,1.6944
5.4593,2.7906,5.5169,1.6939
5.4609,2.7899,5.5214,1.6934
5.4626,2.7892,5.5262,1.6929
5.4644,2.7885,5.5312,1.6923
5.4663,2.7877,5.5365,1.6918
5.4684,2.787,5.5419,1.6912
5.4706,2.7862,5.5475,1.6905
5.4729,2.7854,5.5533,1.6899
5.4752,2.7846,5.5592,1.6893
5.4776,2.7838,5.5652,1.6887
5.4801,2.783,5.5713,1.688
5.4826,2.7822,5.5774,1.6874
5.4852,2.7814,5.5835,1.6868
5.4869,2.7804,5.5884,1.6861
5.4886,2.7795,5.5933,1.6855
5.4903,2.7786,5.5982,1.6849
5.4921,2.7777,5.603,1.6843
5.4939,2.7768,5.6079,1.6837
5.4956,2.7759,5.6127,1.6832
5.4974,2.7751,5.6175,1.6827
5.4993,2.7743,5.6222,1.6822
5.5011,2.7735,5.627,1.6817
5.503,2.7727,5.6317,1.6812
5.5049,2.7719,5.6364,1.6808
5.5068,2.7712,5.6411,1.6804
5.5088,2.7705,5.6458,1.68
5.5107,2.7698,5.6505,1.6797
5.5128,2.7691,5.6552,1.6793
5.5148,2.7684,5.6599,1.679
5.5169,2.7677,5.6646,1.6787
5.519,2.7671,5.6693,1.6784
5.5211,2.7665,5.674,1.6781
5.5232,2.7658,5.6787,1.6778
5.5249,2.7649,5.6832,1.6773
5.5266,2.764,5.6877,1.6769
5.5284,2.763,5.6922,1.6764
5.5302,2.7621,5.6968,1.6759
5.532,2.7612,5.7014,1.6754
5.5339,2.7603,5.7061,1.675
5.5358,2.7594,5.7108,1.6745
5.5378,2.7585,5.7155,1.6741
5.5398,2.7576,5.7203,1.6737
5.542,2.7567,5.7252,1.6733
5.5441,2.7559,5.7301,1.6729
5.5464,2.755,5.7351,1.6725
5.5487,2.7541,5.7402,1.6721
5.551,2.7533,5.7453,1.6718
5.5534,2.7524,5.7504,1.6714
5.5559,2.7516,5.7556,1.6711
5.5584,2.7508,5.7608,1.6707
5.5609,2.7499,5.7661,1.6704
5.5635,2.7491,5.7714,1.6701
5.566,2.7483,5.7767,1.6698
5.5682,2.7472,5.7814,1.6693
5.5704,2.746,5.7862,1.6689
5.5726,2.7449,5.791,1.6684
5.5749,2.7438,5.7958,1.668
5.5771,2.7427,5.8007,1.6676
5.5794,2.7417,5.8056,1.6672
5.5817,2.7406,5.8105,1.6668
5.584,2.7396,5.8155,1.6664
5.5864,2.7386,5.8205,1.666
5.5887,2.7376,5.8256,1.6657
5.5911,2.7367,5.8307,1.6653
5.5935,2.7357,5.8359,1.665
5.5958,2.7348,5.8411,1.6647
5.5982,2.734,5.8463,1.6644
5.6006,2.7331,5.8516,1.6641
5.603,2.7323,5.8569,1.6638
5.6054,2.7315,5.8622,1.6636
5.6078,2.7308,5.8676,1.6633
5.6102,2.73,5.8729,1.6631
5.6126,2.7293,5.8783,1.6629
5.6142,2.7283,5.8831,1.6625
5.6159,2.7274,5.888,1.6621
5.6175,2.7266,5.8928,1.6617
5.6193,2.7257,5.8977,1.6614
5.621,2.7248,5.9025,1.6611
5.6229,2.7239,5.9075,1.6607
5.6248,2.723,5.9124,1.6604
5.6269,2.722,5.9174,1.6601
5.629,2.7211,5.9224,1.6599
5.6313,2.7202,5.9275,1.6596
5.6337,2.7192,5.9325,1.6594
5.6363,2.7182,5.9377,1.6592
5.6391,2.7171,5.9428,1.659
5.6421,2.716,5.948,1.6588
5.6452,2.7149,5.9533,1.6586
5.6486,2.7137,5.9585,1.6585
5.6521,2.7124,5.9638,1.6583
5.6559,2.7111,5.9691,1.6582
5.6599,2.7096,5.9744,1.6581
5.6641,2.7082,5.9797,1.658
5.6682,2.7063,5.9845,1.6577
5.6724,2.7043,5.9893,1.6575
5.677,2.7023,5.9941,1.6572
5.6817,2.7001,5.9989,1.657
5.6868,2.6979,6.0038,1.6568
5.6921,2.6956,6.0087,1.6567
5.6976,2.6932,6.0136,1.6565
5.7035,2.6908,6.0185,1.6563
5.7096,2.6882,6.0235,1.6562
5.7159,2.6856,6.0285,1.6561
5.7226,2.6829,6.0336,1.656
5.7294,2.6801,6.0386,1.6559
5.7366,2.6773,6.0438,1.6559
5.7439,2.6744,6.0489,1.6559
5.7515,2.6714,6.0541,1.6559
5.7593,2.6684,6.0593,1.6559
5.7673,2.6653,6.0645,1.6559
5.7755,2.6621,6.0698,1.6559
5.7838,2.6589,6.075,1.656
5.7923,2.6556,6.0803,1.6561
5.8004,2.6521,6.085,1.656
5.8085,2.6485,6.0896,1.6559
5.8169,2.6448,6.0943,1.6558
5.8253,2.6412,6.099,1.6558
5.8338,2.6375,6.1038,1.6558
5.8425,2.6337,6.1085,1.6558
5.8513,2.6299,6.1134,1.6558
5.8602,2.6261,6.1182,1.6558
5.8692,2.6223,6.1231,1.6559
5.8783,2.6185,6.128,1.656
5.8875,2.6147,6.133,1.6561
5.8968,2.6108,6.138,1.6562
5.9061,2.607,6.143,1.6563
5.9155,2.6031,6.1481,1.6565
5.925,2.5992,6.1533,1.6567
5.9345,2.5954,6.1584,1.6569
5.944,2.5915,6.1636,1.6572
5.9536,2.5876,6.1689,1.6574
5.9632,2.5837,6.1741,1.6577
5.9727,2.5798,6.1794,1.658
5.9817,2.5757,6.1842,1.6581
5.9906,2.5716,6.189,1.6583
5.9996,2.5675,6.1938,1.6585
6.0085,2.5633,6.1986,1.6587
6.0175,2.5592,6.2035,1.659
6.0264,2.5551,6.2084,1.6592
6.0354,2.551,6.2133,1.6595
6.0444,2.5469,6.2183,1.6597
6.0534,2.5428,6.2233,1.66
6.0625,2.5387,6.2283,1.6604
6.0715,2.5347,6.2334,1.6607
6.0806,2.5306,6.2386,1.6611
6.0897,2.5266,6.2437,1.6614
6.0988,2.5225,6.249,1.6618
6.108,2.5185,6.2542,1.6622
6.1171,2.5144,6.2595,1.6627
6.1263,2.5104,6.2648,1.6631
6.1355,2.5063,6.2701,1.6636
6.1447,2.5022,6.2754,1.664
6.1539,2.4982,6.2808,1.6645
6.1626,2.4938,6.2855,1.6648
6.1713,2.4895,6.2902,1.6651
6.18,2.4851,6.2949,1.6654
6.1887,2.4807,6.2997,1.6658
6.1975,2.4763,6.3045,1.6662
6.2062,2.4719,6.3094,1.6666
6.215,2.4675,6.3143,1.667
6.2239,2.463,6.3192,1.6675
6.2327,2.4585,6.3242,1.668
6.2416,2.454,6.3293,1.6685
6.2505,2.4495,6.3344,1.6691
6.2594,2.4449,6.3396,1.6697
6.2684,2.4403,6.3449,1.6703
6.2774,2.4357,6.3502,1.671
6.2864,2.431,6.3556,1.6717
6.2954,2.4263,6.3611,1.6725
6.3044,2.4216,6.3666,1.6733
6.3134,2.4168,6.3722,1.6742
6.3224,2.412,6.3779,1.6751
6.3314,2.4071,6.3836,1.676
6.3398,2.402,6.3888,1.6769
6.3481,2.3969,6.3941,1.6777
6.3564,2.3917,6.3994,1.6787
6.3647,2.3864,6.4047,1.6796
6.373,2.3812,6.4102,1.6806
6.3813,2.3759,6.4157,1.6817
6.3896,2.3705,6.4213,1.6828
6.398,2.3652,6.427,1.6839
6.4064,2.3598,6.4327,1.6851
6.4148,2.3544,6.4385,1.6863
6.4232,2.349,6.4444,1.6875
6.4316,2.3436,6.4504,1.6888
6.4401,2.3382,6.4564,1.6901
6.4486,2.3327,6.4625,1.6915
6.4571,2.3273,6.4687,1.6929
6.4656,2.3218,6.4749,1.6943
6.4742,2.3164,6.4811,1.6957
6.4828,2.3109,6.4874,1.6971
6.4914,2.3055,6.4937,1.6986
6.5,2.3,6.5,1.7
6.508,2.2943,6.5057,1.7013
6.516,2.2887,6.5114,1.7026
6.5241,2.283,6.5172,1.7039
6.5322,2.2774,6.5229,1.7052
6.5403,2.2718,6.5287,1.7064
6.5484,2.2662,6.5345,1.7077
6.5566,2.2607,6.5403,1.709
6.5649,2.2552,6.5461,1.7103
6.5732,2.2497,6.5519,1.7115
